9.200000000 -0.000000 0.000000 0.000000 0.000000 0.000000 -0.000000 1.000000
9.500000000 0.000030 0.001060 0.001644 -0.000016 -0.002154 0.000205 0.999998
9.600000000 0.004544 0.071800 -0.167100 -0.000458 -0.002446 0.000204 0.999997
9.800000000 0.005121 0.087421 -0.206314 -0.000468 -0.002975 0.000105 0.999995
9.900000000 0.005024 0.086228 -0.198593 -0.000525 -0.003034 0.000074 0.999995
10.000000000 0.005284 0.090217 -0.201761 -0.000669 -0.003165 0.000051 0.999995
10.200000000 0.004796 0.128234 -0.291881 -0.000898 -0.002822 0.000107 0.999996
11.300000000 -0.000423 0.017896 -0.052886 0.000057 -0.001119 0.000118 0.999999
11.400000000 0.000105 0.007839 -0.033553 0.000175 0.000189 -0.000042 1.000000
11.600000000 -0.002114 -0.074640 0.237606 -0.000170 -0.004428 0.000457 0.999990
11.700000000 0.000364 -0.031695 0.118481 -0.000350 -0.004227 0.000465 0.999991
11.900000000 0.001840 0.045272 -0.066858 -0.000947 -0.003952 0.000400 0.999992
12.100000000 0.002219 0.042196 -0.088030 -0.000418 -0.003010 0.000132 0.999995
12.400000000 0.004974 0.132239 -0.294638 -0.001069 -0.002637 0.000087 0.999996
12.500000000 0.006710 0.162342 -0.379420 -0.000963 -0.002405 0.000081 0.999997
13.000000000 0.000883 0.048661 -0.107332 -0.000444 -0.002680 0.000210 0.999996
13.100000000 0.005086 0.081957 -0.183549 -0.000696 -0.002676 0.000133 0.999996
13.500000000 0.003570 0.088568 -0.194590 -0.000805 -0.002754 0.000100 0.999996
13.600000000 0.003606 0.112409 -0.255336 -0.000891 -0.002784 0.000104 0.999996
14.100000000 0.003874 0.139869 -0.316177 -0.001167 -0.001441 -0.000031 0.999998
14.700000000 -0.000642 -0.027144 0.090387 -0.000098 -0.004218 0.000424 0.999991
15.100000000 -0.068798 -0.050593 0.256168 -0.000425 -0.004295 0.025626 0.999662
15.500000000 -0.221515 -0.114225 0.433335 0.001034 -0.009908 0.031057 0.999468
15.600000000 -0.263794 0.510840 -1.105793 -0.002104 -0.008356 0.032550 0.999433
15.900000000 -0.467660 1.520706 -3.334547 -0.010906 -0.002133 0.033740 0.999369
16.000000000 -0.553367 1.981421 -4.173606 -0.018947 -0.000809 0.034289 0.999232
16.500000000 -1.099585 3.930866 -9.042174 -0.039927 0.003351 0.036148 0.998543
16.600000000 -1.214390 4.042892 -9.344509 -0.040937 0.004129 0.035931 0.998507
16.800000000 -1.479693 4.731546 -11.253479 -0.049935 0.005673 0.037498 0.998032
16.900000000 -1.612101 4.892456 -11.783153 -0.050748 0.005927 0.037776 0.997979
17.100000000 -1.890062 5.260749 -12.978334 -0.053666 0.006935 0.038408 0.997796
17.300000000 -2.166215 5.408085 -13.435312 -0.055855 0.007393 0.038793 0.997658
17.500000000 -2.437699 5.384071 -13.142994 -0.058257 0.007389 0.038692 0.997524
17.600000000 -2.575619 5.353362 -13.001946 -0.058844 0.007125 0.038491 0.997499
17.800000000 -2.849387 5.051315 -12.297260 -0.052953 0.006527 0.037994 0.997853
17.900000000 -2.981780 4.801635 -11.484968 -0.050920 0.005771 0.037614 0.997977
18.000000000 -3.114928 4.515408 -10.745068 -0.047554 0.005049 0.037197 0.998163
18.400000000 -3.679026 3.626674 -8.423038 -0.034020 -0.005343 0.046551 0.998322
18.700000000 -4.118573 3.162715 -7.238895 -0.030670 -0.031402 0.068702 0.996671
18.900000000 -4.410462 3.093843 -7.301338 -0.030073 -0.030968 0.068737 0.996700
19.100000000 -4.691439 3.018668 -7.295643 -0.031080 -0.026812 0.066738 0.996926
19.400000000 -5.097647 2.823186 -7.392665 -0.031664 -0.023623 0.064505 0.997135
19.500000000 -5.224578 2.664294 -7.218620 -0.030891 -0.023553 0.063667 0.997215
19.700000000 -5.468225 2.300661 -6.824469 -0.028592 -0.022814 0.061861 0.997414
19.900000000 -5.695998 1.925157 -6.334544 -0.028629 -0.022064 0.060082 0.997539
20.000000000 -5.806216 1.682927 -5.968269 -0.028557 -0.021620 0.058990 0.997616
20.600000000 -6.391572 0.162901 -4.475199 -0.018748 -0.018953 0.052936 0.998242
20.700000000 -6.478573 0.024474 -4.542180 -0.018050 -0.018316 0.051991 0.998316
21.000000000 -6.718219 -0.414442 -4.722211 -0.017772 -0.015723 0.049350 0.998500
21.400000000 -6.981013 -0.937986 -5.264176 -0.018207 -0.012321 0.046201 0.998690
21.500000000 -7.041408 -0.984163 -5.611233 -0.018038 -0.011116 0.045224 0.998752
21.600000000 -7.093076 -1.098800 -5.740506 -0.019449 -0.010324 0.044508 0.998766
21.700000000 -7.138497 -1.277171 -5.659490 -0.020966 -0.009695 0.043707 0.998777
21.800000000 -7.182361 -1.482046 -5.711644 -0.019967 -0.009153 0.042830 0.998841
21.900000000 -7.225075 -1.576364 -6.038479 -0.019651 -0.008515 0.041953 0.998890
22.100000000 -7.292210 -1.803789 -6.419701 -0.021267 -0.006914 0.040633 0.998924
22.300000000 -7.343107 -2.166071 -6.507678 -0.020988 -0.005444 0.038965 0.999005
22.400000000 -7.363517 -2.313070 -6.504058 -0.024450 -0.004766 0.038203 0.998959
23.100000000 -7.412120 -3.436519 -7.567721 -0.022020 -0.000249 0.032615 0.999225
23.400000000 -7.378116 -3.991098 -7.726546 -0.021501 0.000910 0.030451 0.999305
23.600000000 -7.339078 -4.318077 -7.934845 -0.021827 0.001678 0.029330 0.999330
23.800000000 -7.287638 -4.650816 -8.194766 -0.020232 0.002121 0.029216 0.999366
23.900000000 -7.263008 -4.702310 -8.760917 -0.018437 0.001642 0.029215 0.999402
24.000000000 -7.229447 -4.850125 -8.756563 -0.019870 0.000960 0.029220 0.999375
24.100000000 -7.193964 -5.010719 -8.795827 -0.021057 0.001072 0.029430 0.999344
24.200000000 -7.156651 -5.101520 -9.124982 -0.020211 0.001614 0.029781 0.999351
24.300000000 -7.116705 -5.231064 -9.241406 -0.021125 0.001740 0.029930 0.999327
24.500000000 -7.025399 -5.599009 -9.215795 -0.023865 0.004463 0.029309 0.999276
24.600000000 -6.981861 -5.734863 -9.511051 -0.022769 0.012401 0.027104 0.999296
24.700000000 -6.934641 -5.873308 -9.688432 -0.021115 0.019216 0.024842 0.999284
24.900000000 -6.831801 -6.223256 -9.803284 -0.020139 0.024853 0.022044 0.999245
25.100000000 -6.718934 -6.481382 -10.026441 -0.020417 0.023431 0.020695 0.999303
25.200000000 -6.667217 -6.656747 -9.921540 -0.021549 0.023163 0.019864 0.999302
25.600000000 -6.418211 -7.247374 -9.890851 -0.023007 0.017747 0.016878 0.999435
25.700000000 -6.356459 -7.384971 -10.100359 -0.020018 0.019143 0.016691 0.999477
25.800000000 -6.284633 -7.384739 -10.438917 -0.022724 0.018053 0.016318 0.999446
26.000000000 -6.153330 -7.375420 -11.293110 -0.022564 0.019184 0.016025 0.999433
26.300000000 -5.948212 -7.544220 -11.822463 -0.022476 0.018347 0.015236 0.999463
26.500000000 -5.806766 -7.665636 -12.135354 -0.021526 0.017929 0.015073 0.999494
26.600000000 -5.730847 -7.796036 -12.140386 -0.018078 0.017011 0.015087 0.999578
27.000000000 -5.443687 -8.363227 -11.539910 -0.019051 0.014390 0.014055 0.999616
27.400000000 -5.155094 -8.761296 -11.198811 -0.017723 0.013568 0.014276 0.999649
27.500000000 -5.078823 -8.786513 -11.240556 -0.018724 0.012486 0.014445 0.999642
27.900000000 -4.804529 -8.770990 -11.705913 -0.021034 0.012722 0.015539 0.999577
28.800000000 -4.256759 -8.593510 -12.677745 -0.023172 0.012249 0.018679 0.999482
29.000000000 -4.155103 -8.612755 -12.496318 -0.025155 0.010739 0.018795 0.999449
29.200000000 -4.050423 -8.615049 -12.428905 -0.025348 0.010425 0.019560 0.999433
29.400000000 -3.956143 -8.540016 -12.407912 -0.025219 0.010617 0.020325 0.999419
29.700000000 -3.833356 -8.521949 -12.225971 -0.026460 0.010413 0.021258 0.999370
29.800000000 -3.787958 -8.473315 -12.418643 -0.024548 0.010010 0.021893 0.999409
29.900000000 -3.753198 -8.446290 -12.409191 -0.024492 0.009603 0.022097 0.999410
30.400000000 -3.589870 -8.256954 -12.253171 -0.026134 0.006601 0.023822 0.999353
30.500000000 -3.564982 -8.224315 -12.230037 -0.026177 0.007066 0.024288 0.999337
31.300000000 -3.446621 -7.884998 -11.837408 -0.025724 0.004850 0.026362 0.999310
31.400000000 -3.442525 -7.787367 -11.884123 -0.026151 0.005101 0.026684 0.999289
31.800000000 -3.431419 -7.466058 -11.898441 -0.029581 0.005467 0.028460 0.999142
31.900000000 -3.430493 -7.405435 -11.879073 -0.029853 0.003828 0.028551 0.999139
32.300000000 -3.464134 -7.179100 -11.620311 -0.029960 0.003177 0.028540 0.999139
32.500000000 -3.487409 -7.009903 -11.629667 -0.030607 0.003220 0.028866 0.999109
32.800000000 -3.536672 -6.784164 -11.611630 -0.029524 0.003872 0.029626 0.999117
32.900000000 -3.559651 -6.692501 -11.631623 -0.029710 0.003691 0.029658 0.999112
33.100000000 -3.601408 -6.552203 -11.515218 -0.030399 0.004337 0.030323 0.999068
33.300000000 -3.651730 -6.365732 -11.495256 -0.031353 0.005236 0.030873 0.999018
33.800000000 -3.794442 -5.983178 -11.290851 -0.031896 0.004450 0.032226 0.998962
33.900000000 -3.827053 -5.949625 -11.056246 -0.032974 0.005492 0.032418 0.998915
34.200000000 -3.927295 -5.895215 -10.703555 -0.025781 0.004277 0.033098 0.999110
34.400000000 -3.998561 -5.791745 -10.344226 -0.027668 0.004895 0.033712 0.999037
34.600000000 -4.072464 -5.643326 -10.289424 -0.028054 0.004515 0.034358 0.999006
34.800000000 -4.142648 -5.549770 -9.957902 -0.029192 0.004408 0.035295 0.998941
35.000000000 -4.220174 -5.424816 -9.823017 -0.028014 0.004925 0.036079 0.998944
35.300000000 -4.339254 -5.174803 -9.658697 -0.028957 0.004295 0.037051 0.998884
35.500000000 -4.417905 -5.045799 -9.463893 -0.028873 0.004473 0.037858 0.998856
35.700000000 -4.498602 -4.915070 -9.381041 -0.028432 0.004275 0.038425 0.998848
35.800000000 -4.534523 -4.932897 -9.239042 -0.025506 0.004735 0.038911 0.998906
36.000000000 -4.612612 -4.899094 -8.662499 -0.026792 0.003647 0.039283 0.998862
36.300000000 -4.720077 -4.805207 -8.175895 -0.027508 0.003924 0.040203 0.998805
36.600000000 -4.834530 -4.487545 -8.354889 -0.027550 0.003533 0.040956 0.998775
36.900000000 -4.939633 -4.196470 -8.479553 -0.028386 0.003942 0.041595 0.998723
37.000000000 -4.972229 -4.184928 -8.357106 -0.026759 0.003972 0.041716 0.998763
37.100000000 -5.003907 -4.117121 -8.285356 -0.027660 0.003679 0.041926 0.998731
37.300000000 -5.070766 -3.991721 -8.262108 -0.027636 0.003042 0.041974 0.998732
38.100000000 -5.285576 -3.507652 -8.084524 -0.028488 0.003492 0.042678 0.998677
38.400000000 -5.350246 -3.192866 -8.363459 -0.030844 0.003943 0.042986 0.998592
38.700000000 -5.406608 -3.170394 -8.001341 -0.030167 0.003723 0.042670 0.998627
39.300000000 -5.486029 -3.274456 -7.068841 -0.026143 0.002878 0.041865 0.998777
39.500000000 -5.503910 -3.192341 -6.925242 -0.027273 0.002744 0.041744 0.998752
39.600000000 -5.512959 -3.150449 -6.943878 -0.027033 0.002833 0.041618 0.998764
39.800000000 -5.526978 -3.012928 -7.116892 -0.026882 0.003029 0.041489 0.998773
40.500000000 -5.539304 -2.667272 -7.364731 -0.030255 0.004057 0.041036 0.998691
40.800000000 -5.528721 -2.641617 -7.201047 -0.029919 0.004038 0.040686 0.998716
40.900000000 -5.524132 -2.555438 -7.349465 -0.030551 0.004032 0.040638 0.998699
41.200000000 -5.505828 -2.510658 -7.268745 -0.030523 0.004536 0.040129 0.998718
41.700000000 -5.455496 -2.541447 -6.752103 -0.032631 0.004838 0.039242 0.998685
41.900000000 -5.428801 -2.542026 -6.645348 -0.033317 0.005033 0.039048 0.998669
42.400000000 -5.360638 -2.637866 -6.003011 -0.032874 0.005346 0.037756 0.998732
42.700000000 -5.308466 -2.729078 -5.654905 -0.032566 0.005395 0.037309 0.998758
43.000000000 -5.249903 -2.851168 -5.111382 -0.031729 0.005467 0.036841 0.998802
43.300000000 -5.199200 -2.978588 -4.500474 -0.032204 0.005305 0.035830 0.998825
43.600000000 -5.143322 -3.018260 -4.091404 -0.033968 0.004885 0.035183 0.998792
43.800000000 -5.097270 -2.983073 -4.073469 -0.033780 0.005154 0.035105 0.998799
43.900000000 -5.080613 -2.968325 -4.136328 -0.032962 0.005431 0.034847 0.998834
44.000000000 -5.058633 -2.745609 -4.197412 -0.039097 0.005788 0.034954 0.998607
44.400000000 -4.983303 -2.026623 -5.061751 -0.051530 0.007720 0.034857 0.998033
44.500000000 -4.966661 -1.966257 -5.407149 -0.049788 0.007932 0.034760 0.998123
44.600000000 -4.945263 -1.924655 -5.467229 -0.049957 0.008032 0.034797 0.998113
44.700000000 -4.925014 -1.886819 -5.402227 -0.050963 0.008230 0.034695 0.998064
44.900000000 -4.885220 -1.899572 -4.808589 -0.053471 0.008197 0.034221 0.997949
45.100000000 -4.847393 -2.150256 -4.030186 -0.051364 0.007550 0.033593 0.998086
45.300000000 -4.809796 -2.354125 -3.411697 -0.049823 0.006891 0.033280 0.998180
45.400000000 -4.793386 -2.211973 -3.532095 -0.051539 0.007157 0.033238 0.998092
46.000000000 -4.694234 -1.593375 -4.463442 -0.056694 0.008890 0.033443 0.997792
46.200000000 -4.664888 -1.393328 -4.686282 -0.058888 0.008967 0.033572 0.997660
46.600000000 -4.610427 -1.261322 -4.461072 -0.059751 0.009292 0.033505 0.997608
46.900000000 -4.575235 -1.405973 -3.804041 -0.058073 0.008595 0.033178 0.997724
47.100000000 -4.554675 -1.253924 -3.844543 -0.059476 0.008777 0.033261 0.997637
47.600000000 -4.514669 -0.981538 -4.119977 -0.058585 0.009535 0.033567 0.997672
47.800000000 -4.498509 -0.929328 -3.984766 -0.059228 0.009565 0.033752 0.997628
48.000000000 -4.486936 -0.851456 -3.952054 -0.059318 0.009626 0.033903 0.997617
49.100000000 -4.450518 -0.490247 -3.059340 -0.058520 0.010283 0.034846 0.997625
49.300000000 -4.450092 -0.370784 -2.784296 -0.060740 0.010599 0.035017 0.997483
49.700000000 -4.453951 -0.375693 -2.032168 -0.059791 0.010377 0.035369 0.997530
49.800000000 -4.454860 -0.361727 -1.999233 -0.059570 0.010575 0.035584 0.997534
50.200000000 -4.470895 -0.234462 -1.412506 -0.059608 0.010657 0.035832 0.997522
50.300000000 -4.477071 -0.225779 -1.184707 -0.060106 0.010625 0.035883 0.997490
50.500000000 -4.486236 -0.172885 -0.939480 -0.059916 0.010843 0.036128 0.997491
50.700000000 -4.499736 -0.157553 -0.580375 -0.058175 0.010401 0.036311 0.997592
50.800000000 -4.505940 -0.211804 -0.253039 -0.059495 0.010308 0.036474 0.997509
51.000000000 -4.527741 -0.352139 0.835717 -0.059525 0.009464 0.036421 0.997517
51.300000000 -4.562999 -0.456877 1.757133 -0.057511 0.008608 0.036346 0.997646
52.000000000 -4.637269 -0.292973 3.060651 -0.059448 0.009321 0.036863 0.997507
52.100000000 -4.647099 -0.275223 3.176250 -0.059659 0.009317 0.036984 0.997490
52.600000000 -4.697402 -0.089915 3.749080 -0.058173 0.008800 0.037677 0.997556
52.800000000 -4.717430 0.027525 3.803097 -0.057256 0.009173 0.037779 0.997602
52.900000000 -4.734771 -0.017509 4.211398 -0.057873 0.009087 0.037706 0.997570
53.100000000 -4.757326 0.042478 4.532402 -0.058599 0.008882 0.037865 0.997524
53.400000000 -4.793240 0.127328 4.991158 -0.058872 0.009170 0.038065 0.997497
53.700000000 -4.821016 0.208536 5.354596 -0.058319 0.009649 0.038565 0.997506
53.800000000 -4.833245 0.233612 5.456566 -0.058931 0.009389 0.038535 0.997474
53.900000000 -4.844772 0.286000 5.506507 -0.058205 0.009250 0.038518 0.997518
54.200000000 -4.872790 0.430626 5.718894 -0.057416 0.009239 0.038865 0.997551
54.600000000 -4.913103 0.577482 6.118076 -0.057695 0.009246 0.039010 0.997529
54.800000000 -4.929458 0.659313 6.262793 -0.057139 0.009674 0.039237 0.997548
54.900000000 -4.940231 0.637825 6.595377 -0.058074 0.009540 0.039295 0.997493
55.300000000 -4.985846 0.589195 7.553672 -0.055916 0.009526 0.039184 0.997621
55.600000000 -5.006960 0.708886 7.863846 -0.056976 0.009678 0.039336 0.997553
55.800000000 -5.023051 0.758786 7.999870 -0.055278 0.009735 0.039256 0.997651
56.000000000 -5.031215 0.858901 8.099464 -0.056230 0.010068 0.039507 0.997585
56.700000000 -5.064823 1.137645 8.470255 -0.056026 0.009490 0.039657 0.997596
56.800000000 -5.068051 1.162213 8.560905 -0.055552 0.009717 0.039711 0.997618
56.900000000 -5.072015 1.172452 8.693131 -0.055367 0.009719 0.039745 0.997627
57.100000000 -5.082980 1.213141 8.922998 -0.055226 0.009552 0.039526 0.997645
57.400000000 -5.097805 1.233072 9.329721 -0.052791 0.009570 0.039269 0.997787
57.700000000 -5.109858 1.206106 10.001597 -0.053177 0.009668 0.039116 0.997772
58.300000000 -5.121456 1.300083 10.867537 -0.055886 0.009752 0.038805 0.997635
58.400000000 -5.120130 1.334435 10.896593 -0.055601 0.009944 0.038846 0.997648
58.500000000 -5.119482 1.379548 10.916752 -0.056009 0.009888 0.038818 0.997626
59.000000000 -5.117974 1.472451 11.374571 -0.054482 0.009882 0.038592 0.997720
59.300000000 -5.122195 1.486274 11.882900 -0.054865 0.009459 0.038135 0.997720
59.500000000 -5.120293 1.442749 12.206708 -0.052202 0.009745 0.038093 0.997862
59.700000000 -5.119801 1.478093 12.567639 -0.054784 0.009736 0.037847 0.997733
59.900000000 -5.116390 1.523466 12.855598 -0.056209 0.009650 0.037741 0.997659
60.500000000 -5.103900 1.517976 13.631480 -0.053340 0.009566 0.037432 0.997829
60.600000000 -5.102296 1.555379 13.763235 -0.054272 0.009518 0.037305 0.997784
60.900000000 -5.097391 1.584038 14.290075 -0.056091 0.009503 0.037025 0.997694
61.000000000 -5.094574 1.602833 14.397273 -0.056371 0.009521 0.036965 0.997680
61.500000000 -5.079261 1.631300 15.060568 -0.054988 0.009467 0.036818 0.997763
61.600000000 -5.075769 1.643317 15.224491 -0.055894 0.009615 0.036794 0.997712
61.700000000 -5.072614 1.667921 15.317575 -0.055926 0.009681 0.036768 0.997711
61.900000000 -5.069449 1.669300 15.703380 -0.056994 0.009681 0.036596 0.997657
62.100000000 -5.062694 1.710916 15.853187 -0.056201 0.009581 0.036520 0.997705
62.300000000 -5.058265 1.712902 16.221099 -0.056530 0.009623 0.036422 0.997690
62.600000000 -5.051357 1.752165 16.609554 -0.056046 0.009600 0.036239 0.997724
62.900000000 -5.042207 1.772824 17.109105 -0.058153 0.009891 0.036304 0.997598
63.000000000 -5.039680 1.787580 17.230301 -0.057687 0.009885 0.036241 0.997628
63.200000000 -5.036301 1.818880 17.451962 -0.055550 0.009556 0.036156 0.997755
63.300000000 -5.034313 1.795284 17.720849 -0.056795 0.009635 0.036184 0.997683
63.400000000 -5.031295 1.834942 17.707732 -0.054692 0.009678 0.036169 0.997801
63.500000000 -5.027369 1.852107 17.863412 -0.055690 0.009833 0.036241 0.997742
63.800000000 -5.023086 1.878584 18.339613 -0.055892 0.009676 0.036172 0.997734
64.400000000 -5.018591 1.943092 19.273873 -0.057237 0.009732 0.035953 0.997666
64.500000000 -5.016981 1.950490 19.447199 -0.057408 0.009817 0.036021 0.997652
64.600000000 -5.013992 1.993734 19.456547 -0.055727 0.009718 0.036115 0.997745
64.700000000 -5.014312 1.976716 19.699852 -0.055774 0.009663 0.036092 0.997744
64.800000000 -5.012560 2.006079 19.799043 -0.056146 0.009609 0.036163 0.997721
65.200000000 -5.013894 2.028843 20.510594 -0.056441 0.009884 0.036085 0.997705
65.300000000 -5.011961 2.051636 20.629098 -0.056426 0.009884 0.036195 0.997701
65.400000000 -5.013402 2.056451 20.818973 -0.056904 0.009881 0.036114 0.997677
65.500000000 -5.013848 2.079608 20.902635 -0.055590 0.009852 0.036085 0.997753
65.900000000 -5.012658 2.149942 21.493044 -0.056609 0.009950 0.036319 0.997686
66.000000000 -5.013052 2.168326 21.639389 -0.056932 0.009912 0.036340 0.997667
66.800000000 -5.024323 2.114016 23.366071 -0.053519 0.010621 0.036094 0.997858
67.000000000 -5.025626 2.158696 23.621725 -0.054153 0.011060 0.036144 0.997817
67.300000000 -5.031331 2.160282 24.253061 -0.053973 0.011323 0.035956 0.997831
67.400000000 -5.031283 2.187880 24.367156 -0.053814 0.011341 0.036033 0.997836
67.500000000 -5.032364 2.188998 24.566432 -0.054116 0.011367 0.036027 0.997820
67.700000000 -5.035899 2.171495 25.059289 -0.054452 0.011396 0.035873 0.997807
67.900000000 -5.038762 2.195623 25.390614 -0.054253 0.011386 0.035854 0.997818
68.200000000 -5.039188 2.221927 25.961936 -0.055648 0.011690 0.036044 0.997731
68.500000000 -5.044822 2.234926 26.569918 -0.055989 0.011719 0.035836 0.997719
69.100000000 -5.050583 2.200958 27.919888 -0.054460 0.012012 0.035518 0.997812
70.000000000 -5.057012 2.091048 30.143253 -0.052685 0.012304 0.034747 0.997931
70.200000000 -5.055689 2.072461 30.642069 -0.054100 0.012647 0.034674 0.997853
70.300000000 -5.059203 2.081004 30.834086 -0.053950 0.012724 0.034366 0.997871
71.200000000 -5.058516 1.979745 33.025712 -0.052978 0.012735 0.033605 0.997949
71.300000000 -5.058574 1.984821 33.211733 -0.053120 0.012872 0.033533 0.997942
71.500000000 -5.056782 1.998948 33.633967 -0.056289 0.012734 0.033526 0.997770
71.700000000 -5.054485 1.978610 34.142412 -0.057400 0.013128 0.033459 0.997704
71.800000000 -5.056307 1.998599 34.282333 -0.057118 0.012936 0.033284 0.997729
72.300000000 -5.054448 2.002377 35.303293 -0.057526 0.013235 0.032988 0.997711
72.500000000 -5.052197 2.006636 35.715418 -0.059003 0.012876 0.032975 0.997630
72.800000000 -5.051336 2.008950 36.345564 -0.059744 0.013190 0.032707 0.997591
73.000000000 -5.050767 2.038481 36.680612 -0.061125 0.012970 0.032666 0.997511
73.200000000 -5.048475 2.048529 37.064180 -0.061768 0.012602 0.032668 0.997476
73.300000000 -5.048206 2.059507 37.242800 -0.062049 0.012798 0.032593 0.997459
73.400000000 -5.046655 2.071121 37.402104 -0.062012 0.012628 0.032683 0.997460
74.200000000 -5.043007 2.128227 38.835820 -0.062336 0.012978 0.032320 0.997447
74.400000000 -5.039579 2.116268 39.301883 -0.063039 0.012650 0.032269 0.997409
74.900000000 -5.039115 2.198399 40.067833 -0.065150 0.012707 0.032177 0.997276
75.400000000 -5.034006 2.201663 41.091342 -0.065160 0.013110 0.031861 0.997280
75.600000000 -5.034044 2.235368 41.391901 -0.065953 0.012946 0.031810 0.997232
75.800000000 -5.032259 2.253118 41.731640 -0.065908 0.013215 0.031813 0.997231
75.900000000 -5.031165 2.263621 41.900545 -0.065831 0.013418 0.031812 0.997233
76.400000000 -5.031114 2.337260 42.721071 -0.069386 0.013221 0.031640 0.997000
76.500000000 -5.030792 2.351323 42.875644 -0.069475 0.013248 0.031610 0.996995
76.700000000 -5.029775 2.363393 43.260927 -0.069882 0.013348 0.031422 0.996971
77.000000000 -5.027359 2.381708 43.777796 -0.067587 0.013612 0.031342 0.997128
77.500000000 -5.019301 2.417003 44.729847 -0.069924 0.013649 0.031213 0.996970
78.200000000 -5.011267 2.493088 45.956511 -0.070786 0.013653 0.030904 0.996919
79.300000000 -4.986492 2.607649 47.976433 -0.073276 0.014195 0.030671 0.996739
79.500000000 -4.987420 2.675338 48.139330 -0.073385 0.014239 0.030713 0.996729
79.700000000 -4.974309 2.658021 48.675372 -0.073355 0.014323 0.030691 0.996731
80.000000000 -4.977716 2.759478 48.899250 -0.072139 0.014232 0.030671 0.996821
80.300000000 -4.963883 2.769265 49.569378 -0.073666 0.014313 0.030627 0.996710
80.700000000 -4.953292 2.837969 50.175086 -0.071443 0.014464 0.030644 0.996869
80.900000000 -4.946833 2.866567 50.511651 -0.071814 0.014449 0.030634 0.996843
81.500000000 -4.929924 2.972134 51.482453 -0.073893 0.014459 0.030647 0.996690
81.600000000 -4.928378 3.008004 51.537202 -0.072468 0.014665 0.030789 0.996788
82.200000000 -4.911618 3.095549 52.497754 -0.071333 0.014363 0.030749 0.996875
82.300000000 -4.902602 3.085506 52.778648 -0.070852 0.014493 0.030705 0.996909
82.900000000 -4.879271 3.164468 53.842269 -0.070987 0.014657 0.030846 0.996892
83.100000000 -4.873555 3.203552 54.141618 -0.071743 0.014616 0.030929 0.996836
84.000000000 -4.854040 3.374738 55.432528 -0.070743 0.015047 0.031158 0.996894
84.200000000 -4.850827 3.421508 55.701071 -0.070634 0.015155 0.031241 0.996898
84.400000000 -4.848589 3.460955 55.994025 -0.070364 0.015251 0.031198 0.996917
84.600000000 -4.844683 3.491148 56.265118 -0.069854 0.015053 0.031362 0.996951
84.800000000 -4.841725 3.530717 56.554330 -0.069648 0.015321 0.031406 0.996959
85.400000000 -4.832036 3.641909 57.408368 -0.069172 0.016123 0.031711 0.996970
85.800000000 -4.829860 3.716252 57.982526 -0.068999 0.016586 0.031549 0.996980
85.900000000 -4.830182 3.749344 58.101152 -0.068510 0.016385 0.031552 0.997017
86.200000000 -4.826127 3.798816 58.546176 -0.067799 0.016908 0.031625 0.997054
86.400000000 -4.821743 3.830862 58.818807 -0.067620 0.017083 0.031861 0.997056
86.600000000 -4.819991 3.858398 59.096537 -0.066780 0.017168 0.031876 0.997111
86.800000000 -4.819395 3.902341 59.389437 -0.067004 0.017521 0.031832 0.997091
87.100000000 -4.816506 3.953112 59.827763 -0.066487 0.017591 0.031850 0.997124
87.300000000 -4.816685 4.004462 60.119145 -0.067257 0.017614 0.031740 0.997075
87.400000000 -4.815120 4.044056 60.293322 -0.067787 0.017678 0.031789 0.997037
87.500000000 -4.814758 4.053649 60.410542 -0.067112 0.017613 0.031796 0.997083
87.600000000 -4.813198 4.084381 60.567969 -0.067825 0.017454 0.031827 0.997037
87.700000000 -4.813631 4.106033 60.708828 -0.067935 0.017532 0.031744 0.997030
88.000000000 -4.808384 4.098075 61.114281 -0.064636 0.017118 0.031741 0.997257
88.500000000 -4.804811 4.208967 61.843737 -0.065692 0.017167 0.031641 0.997190
88.600000000 -4.803669 4.255074 61.988003 -0.066208 0.017178 0.031695 0.997154
89.100000000 -4.794591 4.341679 62.740684 -0.066232 0.016805 0.031674 0.997160
89.200000000 -4.793719 4.377281 62.868304 -0.066555 0.016730 0.031670 0.997140
89.500000000 -4.785738 4.424541 63.308350 -0.065951 0.017198 0.031810 0.997167
89.600000000 -4.786586 4.446550 63.361758 -0.065284 0.016995 0.031742 0.997217
89.800000000 -4.781202 4.489223 63.722882 -0.066123 0.016820 0.031727 0.997165
89.900000000 -4.776058 4.500797 63.927623 -0.066419 0.016738 0.031790 0.997145
90.000000000 -4.775904 4.524933 64.024390 -0.066139 0.016734 0.031723 0.997166
90.100000000 -4.771533 4.541163 64.210606 -0.066347 0.016860 0.031768 0.997148
90.200000000 -4.771636 4.585221 64.296729 -0.066832 0.016632 0.031728 0.997121
90.300000000 -4.766869 4.604779 64.521689 -0.068040 0.016567 0.031747 0.997040
90.500000000 -4.761719 4.635689 64.809970 -0.067471 0.016656 0.031688 0.997079
90.900000000 -4.744347 4.723080 65.537611 -0.069620 0.016410 0.031786 0.996932
91.100000000 -4.741151 4.731712 65.637899 -0.066317 0.016628 0.031754 0.997155
91.600000000 -4.725197 4.860708 66.382083 -0.067870 0.016517 0.031648 0.997055
92.200000000 -4.697552 4.964480 67.313102 -0.067826 0.016549 0.031712 0.997056
92.600000000 -4.677288 5.015499 67.993372 -0.067996 0.016778 0.031710 0.997040
92.700000000 -4.672685 5.037560 68.099894 -0.067950 0.016758 0.031740 0.997043
93.300000000 -4.644330 5.139427 69.010341 -0.067882 0.016766 0.031668 0.997050
93.500000000 -4.638902 5.218155 69.145441 -0.068407 0.016761 0.031663 0.997014
93.600000000 -4.632194 5.218344 69.326745 -0.067346 0.016868 0.031672 0.997084
93.700000000 -4.627769 5.242886 69.456813 -0.067867 0.016847 0.031663 0.997050
93.800000000 -4.621664 5.253612 69.651945 -0.067857 0.017086 0.031641 0.997047
94.200000000 -4.605490 5.356648 70.124811 -0.068322 0.016933 0.031586 0.997019
94.400000000 -4.593738 5.382453 70.440137 -0.067692 0.016897 0.031663 0.997061
94.600000000 -4.586684 5.439102 70.675252 -0.068263 0.017076 0.031552 0.997022
94.800000000 -4.576080 5.472378 70.944748 -0.067037 0.016955 0.031608 0.997106
94.900000000 -4.571982 5.499514 71.078040 -0.067491 0.017145 0.031572 0.997073
95.100000000 -4.559473 5.515666 71.442822 -0.067572 0.017126 0.031562 0.997068
95.200000000 -4.555828 5.547970 71.555151 -0.068282 0.017275 0.031542 0.997018
95.400000000 -4.548417 5.590256 71.775589 -0.066555 0.017082 0.031532 0.997138
95.500000000 -4.543609 5.617282 71.913541 -0.067089 0.017120 0.031533 0.997102
95.600000000 -4.542058 5.662207 71.962756 -0.067467 0.017106 0.031509 0.997077
95.700000000 -4.537516 5.680862 72.100885 -0.067192 0.017231 0.031478 0.997095
95.800000000 -4.529108 5.677465 72.330848 -0.067207 0.017441 0.031521 0.997088
96.000000000 -4.522940 5.739498 72.531353 -0.067473 0.017280 0.031522 0.997073
96.100000000 -4.520081 5.767264 72.647576 -0.067700 0.017408 0.031436 0.997058
96.800000000 -4.496384 5.949912 73.448939 -0.067631 0.016970 0.031496 0.997069
97.400000000 -4.467984 6.046300 74.404705 -0.068159 0.017401 0.031477 0.997026
97.700000000 -4.455266 6.100975 74.840971 -0.067827 0.017588 0.031449 0.997046
97.900000000 -4.446729 6.139602 75.124986 -0.067813 0.017581 0.031494 0.997046
98.300000000 -4.423666 6.182040 75.835108 -0.067874 0.017662 0.031552 0.997038
98.500000000 -4.418811 6.232848 76.077330 -0.067943 0.017797 0.031448 0.997035
98.600000000 -4.419280 6.270838 76.142431 -0.067784 0.017799 0.031423 0.997046
98.700000000 -4.415027 6.290132 76.283752 -0.067732 0.017750 0.031475 0.997049
99.000000000 -4.399679 6.329545 76.791356 -0.067726 0.017886 0.031443 0.997048
99.100000000 -4.394609 6.346450 76.941266 -0.067885 0.017843 0.031514 0.997036
99.200000000 -4.392223 6.371400 77.061467 -0.067719 0.017784 0.031531 0.997047
99.300000000 -4.390100 6.401128 77.161858 -0.067652 0.017705 0.031556 0.997053
99.400000000 -4.385126 6.412404 77.340811 -0.068044 0.017823 0.031571 0.997023
99.600000000 -4.377694 6.450605 77.626084 -0.067640 0.017896 0.031530 0.997051
99.900000000 -4.364825 6.502141 78.092633 -0.067992 0.017859 0.031526 0.997028
100.100000000 -4.354996 6.528614 78.420701 -0.067924 0.017869 0.031519 0.997032
100.500000000 -4.338273 6.601635 79.000660 -0.067057 0.018046 0.031574 0.997086
100.700000000 -4.335333 6.659390 79.218004 -0.067721 0.017919 0.031566 0.997044
100.800000000 -4.326902 6.660377 79.430677 -0.067601 0.017941 0.031638 0.997049
100.900000000 -4.327188 6.693062 79.523316 -0.067286 0.018007 0.031519 0.997073
101.100000000 -4.314744 6.710039 79.884543 -0.066914 0.018056 0.031544 0.997097
101.400000000 -4.303090 6.769368 80.317998 -0.067291 0.018189 0.031573 0.997068
101.500000000 -4.297369 6.783734 80.490881 -0.067696 0.018207 0.031577 0.997040
101.600000000 -4.294817 6.808250 80.623772 -0.067902 0.018505 0.031527 0.997022
101.800000000 -4.283792 6.835488 80.936802 -0.067372 0.018124 0.031678 0.997060
102.200000000 -4.266516 6.906099 81.547035 -0.067679 0.018562 0.031605 0.997034
102.300000000 -4.266000 6.939099 81.638362 -0.067755 0.018737 0.031553 0.997027
102.400000000 -4.260831 6.956448 81.780443 -0.067468 0.018503 0.031703 0.997046
102.500000000 -4.255375 6.967719 81.978421 -0.068024 0.018868 0.031528 0.997007
102.700000000 -4.245760 6.995681 82.317300 -0.068655 0.018891 0.031365 0.996968
102.900000000 -4.239416 7.048426 82.521914 -0.067791 0.018965 0.031595 0.997019
103.100000000 -4.228840 7.077703 82.833356 -0.067738 0.018842 0.031661 0.997023
103.600000000 -4.204859 7.175703 83.547428 -0.068416 0.018540 0.031976 0.996972
103.700000000 -4.201041 7.186291 83.707579 -0.068026 0.019101 0.031740 0.996996
104.000000000 -4.188947 7.235258 84.108786 -0.067189 0.019314 0.031598 0.997053
104.100000000 -4.182693 7.250461 84.255090 -0.067418 0.018919 0.031834 0.997037
104.300000000 -4.173952 7.272940 84.541721 -0.067556 0.019413 0.031606 0.997026
104.400000000 -4.168010 7.261101 84.673497 -0.066775 0.018987 0.031637 0.997086
104.500000000 -4.166995 7.247547 84.792214 -0.067074 0.020366 0.030914 0.997061
105.900000000 -4.121203 7.598357 86.672820 -0.065355 0.009521 0.016464 0.997681
106.100000000 -4.124872 7.667154 86.855681 -0.064863 0.008352 0.017066 0.997713
106.300000000 -4.125012 7.636549 87.043097 -0.061925 0.006871 0.017777 0.997899
106.400000000 -4.118128 7.461525 87.099441 -0.061874 0.006044 0.018119 0.997901
106.500000000 -4.124570 7.461989 87.122366 -0.060471 0.004985 0.018627 0.997984
106.700000000 -4.149615 7.979331 87.562139 -0.065199 0.003127 0.020214 0.997663
106.800000000 -4.163858 8.196500 87.780289 -0.067565 0.001518 0.021166 0.997489
106.900000000 -4.158708 8.204289 87.889496 -0.067110 0.003720 0.021371 0.997510
107.400000000 -4.194255 8.295304 88.154193 -0.061670 0.002348 0.024378 0.997796
107.500000000 -4.199578 8.278671 88.159612 -0.060152 0.002601 0.024999 0.997873
108.200000000 -4.261501 9.101031 88.762958 -0.065917 0.001726 0.029915 0.997375
108.500000000 -4.255316 8.998785 88.735451 -0.061971 0.005250 0.029592 0.997625
108.600000000 -4.239743 8.907377 88.771543 -0.061737 0.007963 0.029268 0.997631
108.800000000 -4.293395 9.158070 88.777010 -0.058984 0.005915 0.029346 0.997810
109.100000000 -4.341156 9.338204 88.834123 -0.059066 0.004695 0.029445 0.997809
109.200000000 -4.360911 9.337041 88.767980 -0.058402 0.003852 0.029516 0.997849
109.500000000 -4.408018 9.808220 89.045599 -0.060829 0.004114 0.029628 0.997700
109.800000000 -4.412901 10.091792 89.095580 -0.061928 0.009180 0.029164 0.997612
110.100000000 -4.433609 10.472315 89.324117 -0.064220 0.011975 0.028987 0.997443
110.700000000 -4.565384 11.024166 89.256895 -0.065802 0.001955 0.032961 0.997286
110.900000000 -4.585016 11.176518 89.273959 -0.065659 0.004518 0.033285 0.997277
111.100000000 -4.634321 11.267361 89.136483 -0.064119 0.003804 0.033856 0.997361
111.300000000 -4.675599 11.425358 89.065449 -0.064055 0.002654 0.034944 0.997331
111.400000000 -4.682187 11.545354 89.095407 -0.064340 0.004443 0.035310 0.997293
111.500000000 -4.710837 11.571286 89.003827 -0.063971 0.001907 0.036343 0.997288
112.100000000 -4.767867 11.689740 88.408972 -0.058533 0.009930 0.038045 0.997511
112.200000000 -4.787885 11.753912 88.359001 -0.058530 0.007293 0.039355 0.997483
112.300000000 -4.816441 11.977217 88.551088 -0.061993 0.007596 0.039500 0.997266
112.500000000 -4.848914 12.053055 88.456771 -0.062664 0.007478 0.040477 0.997185
112.600000000 -4.856007 12.224834 88.512233 -0.063809 0.011821 0.040129 0.997085
112.900000000 -4.930235 12.608865 88.494604 -0.067178 0.010658 0.040912 0.996845
113.100000000 -4.954274 12.646868 88.364216 -0.066713 0.011952 0.041318 0.996845
113.200000000 -4.953121 12.624651 88.215252 -0.066203 0.014851 0.041147 0.996847
113.400000000 -5.022637 12.695035 87.919352 -0.065538 0.009720 0.042150 0.996912
113.500000000 -5.037563 12.836103 88.016919 -0.066929 0.010935 0.042072 0.996810
113.700000000 -5.070008 12.855896 87.899980 -0.066483 0.009489 0.042825 0.996823
114.200000000 -5.128123 12.913749 87.529909 -0.066613 0.013853 0.041956 0.996800
114.700000000 -5.208779 12.970428 87.072933 -0.065486 0.012505 0.041899 0.996895
115.000000000 -5.237881 12.907359 86.859794 -0.064205 0.013177 0.041652 0.996980
115.800000000 -5.340605 12.942394 86.307962 -0.065996 0.014183 0.040564 0.996894
115.900000000 -5.356215 12.997831 86.275098 -0.066579 0.014689 0.040438 0.996853
116.100000000 -5.390262 13.007703 86.121292 -0.068651 0.014636 0.040190 0.996723
116.200000000 -5.408312 13.033581 86.061061 -0.068652 0.015012 0.040032 0.996724
116.300000000 -5.426489 13.057531 86.016666 -0.068868 0.015161 0.039893 0.996713
116.700000000 -5.508343 12.948090 85.671120 -0.068723 0.014694 0.039087 0.996762
116.800000000 -5.529594 12.946771 85.625222 -0.068737 0.015392 0.038970 0.996755
117.000000000 -5.584442 12.932631 85.453794 -0.069567 0.013712 0.039136 0.996715
117.300000000 -5.660493 12.752621 85.191101 -0.068121 0.015014 0.038272 0.996830
117.500000000 -5.722624 12.674645 85.014475 -0.067794 0.015289 0.037866 0.996863
117.700000000 -5.800542 12.759740 84.903195 -0.069569 0.015354 0.037205 0.996765
118.100000000 -5.953875 12.506357 84.503177 -0.069073 0.015448 0.036412 0.996827
118.300000000 -6.031894 12.278518 84.283960 -0.067644 0.015189 0.036074 0.996941
118.400000000 -6.074138 12.192144 84.194272 -0.066979 0.015325 0.035800 0.996994
118.800000000 -6.262286 11.991321 83.808577 -0.067603 0.015121 0.034813 0.996990
118.900000000 -6.309489 11.932411 83.719546 -0.067190 0.015308 0.034717 0.997019
119.000000000 -6.357403 11.863171 83.626811 -0.066919 0.015624 0.034495 0.997040
119.100000000 -6.407817 11.818247 83.521232 -0.067020 0.015417 0.034290 0.997043
119.300000000 -6.510509 11.703357 83.299039 -0.066203 0.015096 0.033708 0.997122
119.500000000 -6.612102 11.609881 83.136340 -0.067152 0.014817 0.033260 0.997078
119.700000000 -6.714692 11.492822 82.922117 -0.066688 0.014703 0.032708 0.997129
119.800000000 -6.764416 11.411096 82.831715 -0.066253 0.014727 0.032509 0.997164
119.900000000 -6.812858 11.326369 82.765281 -0.065996 0.014724 0.032270 0.997189
120.100000000 -6.921146 11.253706 82.478226 -0.066045 0.014668 0.031591 0.997209
120.800000000 -7.268984 10.880693 81.841351 -0.067272 0.014296 0.029789 0.997187
121.100000000 -7.410709 10.715751 81.513622 -0.066796 0.014216 0.029038 0.997243
121.400000000 -7.543701 10.562561 81.169540 -0.066756 0.014054 0.028616 0.997260
121.500000000 -7.586355 10.504408 81.044311 -0.066469 0.014339 0.028368 0.997282
121.700000000 -7.666986 10.393430 80.832129 -0.065820 0.014173 0.028147 0.997334
122.000000000 -7.788826 10.281298 80.449171 -0.066279 0.014568 0.027344 0.997320
123.200000000 -8.134489 9.815356 79.102094 -0.067065 0.014770 0.026347 0.997291
123.300000000 -8.143890 9.754222 79.087970 -0.067141 0.014933 0.026441 0.997281
123.500000000 -8.168576 9.688896 78.877275 -0.067207 0.015287 0.026364 0.997274
123.600000000 -8.174897 9.645810 78.801493 -0.067327 0.015238 0.026411 0.997265
123.700000000 -8.183086 9.633080 78.629255 -0.067199 0.015749 0.026364 0.997267
123.800000000 -8.183318 9.591763 78.555070 -0.067178 0.015591 0.026444 0.997269
123.900000000 -8.184909 9.574190 78.418536 -0.067457 0.015769 0.026371 0.997249
124.200000000 -8.164296 9.491667 78.058712 -0.067121 0.015487 0.026541 0.997271
124.300000000 -8.152438 9.474314 77.929410 -0.067231 0.015656 0.026585 0.997260
124.800000000 -8.038074 9.391342 77.258636 -0.067855 0.015126 0.026812 0.997220
124.900000000 -8.010666 9.415146 76.995905 -0.066840 0.015692 0.026881 0.997278
125.000000000 -7.976813 9.414703 76.813096 -0.066584 0.015804 0.026841 0.997294
125.100000000 -7.930011 9.383302 76.752840 -0.067088 0.015686 0.027032 0.997257
125.800000000 -7.529388 9.279815 76.018464 -0.067495 0.015719 0.027744 0.997210
125.900000000 -7.464621 9.288753 75.855508 -0.067063 0.015474 0.027643 0.997246
126.100000000 -7.320345 9.285237 75.572077 -0.067929 0.015347 0.027995 0.997179
126.200000000 -7.246303 9.293647 75.403812 -0.067759 0.015644 0.028123 0.997183
127.200000000 -6.392341 9.322278 74.043682 -0.067524 0.015244 0.029222 0.997173
127.400000000 -6.205019 9.324582 73.809790 -0.067709 0.015272 0.029538 0.997151
127.800000000 -5.830134 9.352935 73.250239 -0.067302 0.015377 0.030247 0.997155
127.900000000 -5.735234 9.358000 73.128671 -0.067133 0.015835 0.030402 0.997155
128.400000000 -5.275034 9.405794 72.403689 -0.066956 0.015284 0.030882 0.997161
128.600000000 -5.095253 9.431118 72.091533 -0.067490 0.015029 0.031346 0.997114
128.700000000 -5.005464 9.416867 72.046110 -0.067732 0.015121 0.031243 0.997100
129.200000000 -4.578205 9.442112 71.398648 -0.067524 0.014892 0.032228 0.997086
129.700000000 -4.194199 9.472083 70.699229 -0.067217 0.015073 0.032943 0.997080
129.800000000 -4.122804 9.476936 70.584553 -0.067530 0.015500 0.033068 0.997049
130.000000000 -3.986915 9.471689 70.357896 -0.067530 0.015639 0.033322 0.997038
130.100000000 -3.925211 9.501107 70.123231 -0.067638 0.015386 0.033502 0.997029
130.200000000 -3.865245 9.509695 69.959110 -0.067587 0.015128 0.033455 0.997038
130.300000000 -3.805748 9.510436 69.827667 -0.067453 0.015175 0.033456 0.997046
130.500000000 -3.691195 9.499250 69.619136 -0.067688 0.015584 0.033583 0.997019
130.600000000 -3.639351 9.498001 69.488424 -0.067720 0.015092 0.033604 0.997024
130.700000000 -3.588187 9.486035 69.403207 -0.067574 0.015171 0.033721 0.997029
131.000000000 -3.454698 9.491346 68.940464 -0.067549 0.015322 0.033856 0.997024
131.200000000 -3.374594 9.471808 68.762347 -0.068239 0.015498 0.034196 0.996962
131.300000000 -3.341238 9.473879 68.592613 -0.068215 0.015559 0.034134 0.996965
131.500000000 -3.279399 9.462548 68.319899 -0.068079 0.016008 0.034191 0.996965
131.800000000 -3.207304 9.454704 67.863433 -0.067637 0.015723 0.034420 0.996992
131.900000000 -3.188867 9.489180 67.839639 -0.070094 0.015453 0.034455 0.996825
132.500000000 -3.127629 9.404462 66.930674 -0.068747 0.015239 0.034480 0.996922
132.700000000 -3.128543 9.374688 66.572896 -0.067803 0.015300 0.034478 0.996985
133.200000000 -3.171365 9.340439 65.776643 -0.068645 0.015795 0.034390 0.996923
133.500000000 -3.219872 9.244836 65.360163 -0.066492 0.015671 0.034231 0.997076
133.700000000 -3.265673 9.242251 65.020407 -0.067773 0.015496 0.034183 0.996995
133.900000000 -3.312595 9.178657 64.858593 -0.067660 0.015968 0.034188 0.996995
134.000000000 -3.340299 9.150619 64.731925 -0.067542 0.015989 0.034154 0.997003
134.300000000 -3.435262 9.064406 64.331592 -0.067289 0.016218 0.033827 0.997028
134.400000000 -3.471965 9.041061 64.151570 -0.066857 0.016345 0.033669 0.997060
134.500000000 -3.506769 9.016343 64.048744 -0.067417 0.015954 0.033671 0.997029
134.600000000 -3.543232 8.973895 63.918516 -0.066727 0.015866 0.033649 0.997077
134.700000000 -3.583120 8.958836 63.737302 -0.066630 0.015891 0.033564 0.997086
134.800000000 -3.624489 8.946838 63.583809 -0.066978 0.015829 0.033457 0.997068
135.200000000 -3.796980 8.860010 63.036467 -0.068074 0.015121 0.033033 0.997019
136.100000000 -4.232796 8.570192 61.801985 -0.066970 0.015573 0.032691 0.997098
136.200000000 -4.287387 8.548924 61.655254 -0.067387 0.015744 0.032521 0.997072
136.400000000 -4.398344 8.462310 61.395033 -0.065930 0.016520 0.032550 0.997156
136.500000000 -4.456135 8.425516 61.278410 -0.066497 0.015853 0.032399 0.997134
137.000000000 -4.776878 8.304358 60.598515 -0.068643 0.015571 0.031727 0.997015
137.200000000 -4.915368 8.214212 60.339851 -0.067627 0.015733 0.031593 0.997086
137.300000000 -4.988825 8.180251 60.199022 -0.067803 0.015440 0.031622 0.997078
137.500000000 -5.140805 8.116003 59.915217 -0.067422 0.015732 0.031196 0.997113
138.100000000 -5.616417 7.906054 59.107891 -0.066926 0.015710 0.030815 0.997158
138.200000000 -5.693748 7.847021 59.091301 -0.067040 0.015181 0.030774 0.997160
138.500000000 -5.936754 7.724524 58.854270 -0.067713 0.014933 0.030578 0.997124
138.800000000 -6.181802 7.618509 58.478753 -0.068027 0.015118 0.030761 0.997095
139.000000000 -6.355785 7.589090 58.076579 -0.068567 0.015057 0.030267 0.997074
139.100000000 -6.439419 7.572237 57.874952 -0.068583 0.014589 0.030408 0.997075
139.300000000 -6.595241 7.475916 57.738659 -0.068101 0.014828 0.030387 0.997105
139.400000000 -6.670706 7.415950 57.711905 -0.067201 0.015078 0.030287 0.997166
139.500000000 -6.747392 7.360212 57.639817 -0.066421 0.015022 0.030274 0.997219
139.600000000 -6.822745 7.316075 57.611855 -0.067409 0.015317 0.030190 0.997151
139.900000000 -7.058938 7.268172 57.036104 -0.068479 0.014999 0.030259 0.997081
140.000000000 -7.129060 7.222776 56.995485 -0.068495 0.015117 0.030242 0.997078
140.100000000 -7.198918 7.171828 56.937488 -0.068164 0.014778 0.030229 0.997107
140.400000000 -7.414200 7.124664 56.328383 -0.067795 0.015420 0.030262 0.997121
141.500000000 -8.040129 6.815096 55.008595 -0.068790 0.015272 0.030218 0.997056
141.700000000 -8.139704 6.818976 54.483261 -0.069019 0.015564 0.030201 0.997037
141.800000000 -8.174266 6.764508 54.501527 -0.069603 0.015177 0.030301 0.996999
141.900000000 -8.208934 6.714634 54.441302 -0.069137 0.015152 0.030402 0.997029
142.100000000 -8.289807 6.703326 53.930052 -0.067488 0.015544 0.030443 0.997134
142.200000000 -8.321863 6.673587 53.800191 -0.067565 0.015233 0.030532 0.997131
142.400000000 -8.371656 6.604067 53.737654 -0.068052 0.015255 0.030634 0.997095
142.500000000 -8.404587 6.599528 53.451397 -0.067084 0.015425 0.030533 0.997161
142.600000000 -8.433870 6.595053 53.184046 -0.066600 0.015264 0.030570 0.997195
142.700000000 -8.450527 6.565400 53.157390 -0.067342 0.015229 0.030703 0.997141
142.800000000 -8.465085 6.531120 53.149716 -0.068261 0.015296 0.030737 0.997077
143.000000000 -8.507591 6.524376 52.687678 -0.067509 0.015514 0.030615 0.997128
143.100000000 -8.517173 6.494695 52.608240 -0.067755 0.015329 0.030765 0.997110
143.400000000 -8.549945 6.463132 52.091321 -0.067842 0.015454 0.030770 0.997102
143.600000000 -8.550792 6.403278 51.956411 -0.067939 0.015151 0.030936 0.997095
143.700000000 -8.550201 6.384025 51.852041 -0.068193 0.015265 0.030976 0.997074
144.000000000 -8.544754 6.348090 51.391341 -0.068291 0.015291 0.031058 0.997065
144.200000000 -8.533619 6.332842 51.039055 -0.068300 0.015458 0.031128 0.997059
144.300000000 -8.522823 6.321501 50.923743 -0.068315 0.015198 0.031246 0.997059
144.600000000 -8.481950 6.259330 50.531544 -0.067970 0.015243 0.031294 0.997080
144.800000000 -8.449064 6.233155 50.203616 -0.067713 0.014890 0.031471 0.997097
144.900000000 -8.433509 6.231543 50.013392 -0.067230 0.015101 0.031396 0.997129
145.200000000 -8.368701 6.192817 49.588778 -0.067385 0.015088 0.031563 0.997114
145.700000000 -8.240088 6.135752 48.807877 -0.065590 0.015322 0.031788 0.997222
145.800000000 -8.213206 6.123668 48.611149 -0.065083 0.015265 0.031835 0.997255
145.900000000 -8.180975 6.105226 48.541877 -0.065849 0.015059 0.031906 0.997206
146.300000000 -8.040708 6.018734 48.377131 -0.069626 0.015612 0.032035 0.996936
146.400000000 -8.019137 6.045383 47.932615 -0.067369 0.015603 0.032089 0.997090
146.800000000 -7.881059 5.968040 47.402563 -0.066809 0.015625 0.032184 0.997124
147.000000000 -7.819681 5.982720 46.927838 -0.065327 0.016242 0.032131 0.997214
147.200000000 -7.756874 5.992871 46.440949 -0.064521 0.015710 0.032355 0.997268
147.600000000 -7.608914 5.892632 46.181505 -0.067698 0.015972 0.032220 0.997058
147.700000000 -7.578756 5.901580 45.928509 -0.066974 0.015554 0.032310 0.997110
147.900000000 -7.515452 5.899223 45.484227 -0.065412 0.015875 0.032352 0.997207
148.000000000 -7.488554 5.921452 45.158517 -0.063585 0.015801 0.032316 0.997328
148.200000000 -7.412161 5.838411 45.037990 -0.063774 0.016036 0.032352 0.997311
148.700000000 -7.224409 5.739397 44.529260 -0.066264 0.016236 0.032233 0.997149
149.100000000 -7.061312 5.690261 43.929839 -0.066623 0.016114 0.032440 0.997121
149.200000000 -7.019481 5.688445 43.722185 -0.066254 0.016013 0.032463 0.997146
149.300000000 -6.982863 5.724287 43.358109 -0.064005 0.016040 0.032404 0.997294
149.700000000 -6.786416 5.652735 42.818678 -0.064286 0.015777 0.032401 0.997281
149.900000000 -6.674814 5.588865 42.718710 -0.065843 0.015931 0.032179 0.997184
150.000000000 -6.619542 5.584074 42.558251 -0.065899 0.016275 0.032279 0.997171
150.700000000 -6.201737 5.472035 41.547111 -0.066055 0.015472 0.032308 0.997173
150.800000000 -6.140719 5.467630 41.346127 -0.064253 0.015981 0.032157 0.997287
151.200000000 -5.882732 5.358936 40.996128 -0.066679 0.016112 0.031862 0.997135
151.400000000 -5.753655 5.307321 40.760172 -0.066416 0.015511 0.031853 0.997163
151.800000000 -5.500548 5.250617 40.180585 -0.067709 0.015904 0.031720 0.997074
151.900000000 -5.438404 5.236158 40.017233 -0.066819 0.016039 0.031644 0.997134
152.000000000 -5.378358 5.242226 39.773356 -0.065355 0.016041 0.031706 0.997229
152.500000000 -5.076436 5.130112 39.152414 -0.065796 0.015739 0.031630 0.997207
152.700000000 -4.961047 5.065359 38.980714 -0.067874 0.015228 0.031434 0.997082
152.800000000 -4.904939 5.043668 38.851424 -0.067913 0.015620 0.031535 0.997070
152.900000000 -4.850034 4.997019 38.819994 -0.068769 0.015149 0.031259 0.997028
153.100000000 -4.747743 4.994156 38.408650 -0.067579 0.015387 0.031135 0.997109
153.200000000 -4.697758 4.988658 38.209800 -0.067085 0.015624 0.031268 0.997135
153.700000000 -4.464286 4.842915 37.691135 -0.067571 0.016445 0.030906 0.997100
153.800000000 -4.423865 4.823768 37.534623 -0.067268 0.015909 0.030765 0.997134
154.100000000 -4.309020 4.784956 37.053018 -0.068696 0.016498 0.031081 0.997017
154.200000000 -4.275515 4.784643 36.834844 -0.068193 0.016137 0.031010 0.997060
154.300000000 -4.241298 4.752221 36.734774 -0.068576 0.015809 0.031032 0.997038
155.200000000 -4.017445 4.489394 35.730658 -0.068557 0.014945 0.030605 0.997066
155.400000000 -3.986992 4.470976 35.349351 -0.069147 0.014626 0.030875 0.997021
155.700000000 -3.952987 4.306513 35.312843 -0.069186 0.014680 0.030598 0.997026
155.800000000 -3.946564 4.290191 35.157983 -0.068825 0.014707 0.030443 0.997056
156.200000000 -3.933054 4.073151 35.118612 -0.070322 0.015356 0.029790 0.996961
156.300000000 -3.934622 4.045387 35.008186 -0.070288 0.015502 0.029704 0.996964
157.000000000 -3.982827 3.811197 34.359590 -0.074884 0.014935 0.030138 0.996625
157.100000000 -3.995582 3.742606 34.426262 -0.076684 0.015658 0.029765 0.996488
157.300000000 -4.024885 3.636576 34.382786 -0.076168 0.015442 0.029721 0.996532
157.400000000 -4.041800 3.559079 34.481104 -0.077668 0.016090 0.029363 0.996417
157.900000000 -4.143082 3.192516 34.612990 -0.068888 0.017245 0.028384 0.997071
158.000000000 -4.165936 3.124287 34.672425 -0.070504 0.017200 0.028490 0.996956
158.200000000 -4.215078 2.970393 34.845811 -0.072234 0.017981 0.027948 0.996834
158.600000000 -4.325689 2.919122 34.125128 -0.070627 0.017687 0.027984 0.996953
158.700000000 -4.354206 2.874845 34.086997 -0.071860 0.017747 0.027984 0.996864
159.100000000 -4.477354 2.849225 33.304183 -0.070535 0.017827 0.027725 0.996965
159.300000000 -4.540156 2.807204 33.006185 -0.070445 0.017915 0.027849 0.996966
159.800000000 -4.702746 2.668494 32.414090 -0.069301 0.018523 0.027533 0.997044
159.900000000 -4.736721 2.635977 32.288802 -0.069404 0.018328 0.027502 0.997041
160.200000000 -4.834614 2.557950 32.000922 -0.071896 0.018376 0.027495 0.996864
160.400000000 -4.900692 2.532924 31.614267 -0.070810 0.018687 0.027350 0.996940
160.500000000 -4.932035 2.484706 31.567871 -0.071495 0.018415 0.027498 0.996892
160.800000000 -5.027837 2.436731 31.189292 -0.073081 0.019011 0.027269 0.996772
160.900000000 -5.058588 2.402750 31.040916 -0.072637 0.019248 0.027337 0.996798
161.100000000 -5.119992 2.380740 30.779131 -0.072438 0.019349 0.027169 0.996815
162.000000000 -5.369451 2.216160 29.402460 -0.071812 0.019701 0.027142 0.996854
162.200000000 -5.416168 2.143924 29.171221 -0.071712 0.019562 0.027274 0.996860
162.400000000 -5.460948 2.105799 28.961172 -0.072754 0.019232 0.027284 0.996791
162.900000000 -5.556754 2.042626 28.196060 -0.072871 0.019372 0.027512 0.996774
163.100000000 -5.589163 1.940313 28.084590 -0.072683 0.019010 0.027593 0.996792
163.300000000 -5.619344 1.912570 27.668070 -0.071892 0.018754 0.027623 0.996853
163.500000000 -5.644762 1.868947 27.482007 -0.072969 0.018938 0.027596 0.996772
163.600000000 -5.656058 1.831996 27.351248 -0.072320 0.018849 0.027621 0.996821
163.700000000 -5.666960 1.812736 27.215618 -0.071660 0.018628 0.027678 0.996871
163.900000000 -5.686376 1.749043 26.852717 -0.069535 0.018398 0.027743 0.997024
164.600000000 -5.722920 1.635953 26.071632 -0.073949 0.018227 0.027722 0.996710
164.700000000 -5.725944 1.613962 25.939001 -0.073442 0.018201 0.027671 0.996749
165.100000000 -5.723998 1.528936 25.391151 -0.073474 0.018251 0.027801 0.996742
165.300000000 -5.720258 1.487671 25.070815 -0.072567 0.018220 0.027742 0.996811
165.400000000 -5.716604 1.475016 24.912278 -0.072248 0.018272 0.027754 0.996833
165.500000000 -5.712973 1.471317 24.553230 -0.070958 0.018388 0.027826 0.996922
165.600000000 -5.708125 1.447388 24.562880 -0.072353 0.018180 0.027801 0.996826
165.800000000 -5.696955 1.382176 24.459230 -0.072526 0.018103 0.027688 0.996818
166.000000000 -5.681930 1.407025 23.690696 -0.071169 0.018487 0.027890 0.996903
166.200000000 -5.665907 1.371389 23.324633 -0.068914 0.018147 0.027990 0.997065
166.700000000 -5.616516 1.272745 22.542866 -0.068062 0.018114 0.027970 0.997124
166.900000000 -5.594939 1.195929 22.554176 -0.068954 0.017955 0.027736 0.997073
167.000000000 -5.582887 1.185745 22.479672 -0.070003 0.017952 0.027698 0.997001
167.200000000 -5.557735 1.156757 21.988338 -0.067309 0.017830 0.027801 0.997185
167.500000000 -5.511549 1.172052 21.165931 -0.069093 0.017700 0.028480 0.997046
167.900000000 -5.454236 1.100952 20.552531 -0.069700 0.017798 0.028484 0.997002
168.000000000 -5.440305 1.108678 20.303959 -0.068109 0.017799 0.028478 0.997113
168.100000000 -5.425323 1.106846 19.983688 -0.066587 0.017735 0.028553 0.997214
168.200000000 -5.410187 1.102202 19.766638 -0.065387 0.017625 0.028631 0.997293
168.500000000 -5.366870 0.989168 19.519545 -0.064075 0.017593 0.028517 0.997382
168.700000000 -5.336807 0.988719 19.062028 -0.064146 0.018221 0.028487 0.997367
169.200000000 -5.265006 0.830179 18.728848 -0.067382 0.018061 0.028341 0.997161
169.400000000 -5.236333 0.786558 18.420181 -0.065736 0.018198 0.028409 0.997266
169.800000000 -5.182357 0.684572 18.005533 -0.067214 0.018088 0.028372 0.997171
169.900000000 -5.170588 0.684657 17.846343 -0.066801 0.018346 0.028241 0.997198
170.000000000 -5.156828 0.714294 17.420536 -0.066906 0.018510 0.028412 0.997183
170.100000000 -5.145261 0.716707 17.141816 -0.066182 0.018323 0.028432 0.997234
170.200000000 -5.133951 0.713888 16.925466 -0.065379 0.018367 0.028419 0.997287
170.300000000 -5.122543 0.695905 16.709674 -0.064627 0.018498 0.028438 0.997333
170.800000000 -5.067792 0.515495 16.393114 -0.067178 0.018545 0.028444 0.997163
170.900000000 -5.059978 0.488063 16.337349 -0.067408 0.018524 0.028254 0.997153
171.100000000 -5.042370 0.367732 16.499328 -0.069140 0.018507 0.028031 0.997041
171.700000000 -5.001371 0.189041 15.935904 -0.070295 0.018541 0.027665 0.996970
172.400000000 -4.969941 0.076131 14.649322 -0.067550 0.018880 0.027835 0.997149
173.300000000 -4.964012 -0.099126 13.309833 -0.068074 0.019223 0.027661 0.997111
173.400000000 -4.965453 -0.116714 13.205532 -0.067717 0.019010 0.027637 0.997141
173.500000000 -4.967508 -0.136760 13.106302 -0.067311 0.018938 0.027553 0.997172
173.700000000 -4.971677 -0.173840 12.751792 -0.066311 0.019146 0.027594 0.997234
173.800000000 -4.975132 -0.188694 12.539886 -0.066522 0.019220 0.027597 0.997218
174.000000000 -4.981791 -0.219244 12.282503 -0.065932 0.019042 0.027581 0.997261
174.200000000 -4.990726 -0.250806 11.887588 -0.064896 0.019305 0.027597 0.997324
174.300000000 -4.994850 -0.264265 11.767139 -0.065902 0.019245 0.027627 0.997258
174.500000000 -5.003233 -0.333693 11.648947 -0.066326 0.019069 0.027536 0.997236
174.700000000 -5.016761 -0.378690 11.279310 -0.065127 0.019044 0.027493 0.997316
175.100000000 -5.040526 -0.463688 10.786534 -0.066829 0.019020 0.027543 0.997203
175.200000000 -5.045992 -0.506798 10.765210 -0.066758 0.018857 0.027495 0.997212
175.400000000 -5.059282 -0.585864 10.605608 -0.066078 0.018699 0.027434 0.997262
175.500000000 -5.067732 -0.600937 10.435816 -0.066270 0.018819 0.027419 0.997247
176.000000000 -5.105231 -0.707873 9.849184 -0.066487 0.018552 0.027568 0.997234
176.100000000 -5.114634 -0.751655 9.756438 -0.066544 0.018547 0.027457 0.997233
176.200000000 -5.122140 -0.781475 9.671615 -0.066735 0.018565 0.027477 0.997220
177.300000000 -5.204028 -1.271731 9.368892 -0.068035 0.017592 0.027222 0.997156
177.500000000 -5.219088 -1.398728 9.413529 -0.067618 0.017564 0.027006 0.997191
177.700000000 -5.238487 -1.562682 9.347237 -0.066217 0.017329 0.026865 0.997293
177.800000000 -5.243753 -1.579211 9.408678 -0.067340 0.017239 0.026847 0.997220
178.600000000 -5.299830 -2.072158 9.611490 -0.067493 0.016422 0.026522 0.997232
179.100000000 -5.333937 -2.419458 9.822866 -0.067424 0.015463 0.026169 0.997261
179.700000000 -5.373849 -2.933034 10.096286 -0.064247 0.014165 0.025731 0.997502
180.000000000 -5.425496 -3.266840 9.083513 -0.055991 0.014508 0.025261 0.998006
180.600000000 -5.492788 -3.565280 7.817724 -0.047001 0.014284 0.025057 0.998478
180.900000000 -5.511252 -3.756585 7.732095 -0.044926 0.013742 0.024791 0.998588
181.000000000 -5.517135 -3.811820 7.694833 -0.044295 0.013392 0.024698 0.998623
181.400000000 -5.533461 -3.995829 7.564090 -0.043414 0.012658 0.024704 0.998671
181.600000000 -5.541835 -4.080747 7.467760 -0.043282 0.012387 0.024642 0.998682
181.700000000 -5.546906 -4.135306 7.444405 -0.042623 0.012128 0.024451 0.998718
182.200000000 -5.560720 -4.333698 7.290099 -0.042809 0.011665 0.024345 0.998718
182.500000000 -5.573719 -4.371564 6.812549 -0.042943 0.011418 0.024443 0.998713
182.700000000 -5.580117 -4.419386 6.638590 -0.043598 0.011645 0.024305 0.998686
182.800000000 -5.585041 -4.448743 6.499381 -0.042662 0.011579 0.024192 0.998730
183.000000000 -5.588549 -4.494701 6.331114 -0.042374 0.011429 0.024204 0.998743
183.400000000 -5.600601 -4.549937 5.718960 -0.041871 0.011359 0.024194 0.998765
183.800000000 -5.609774 -4.577483 5.112353 -0.043358 0.011675 0.024250 0.998697
184.300000000 -5.616989 -4.634831 4.397789 -0.042970 0.011804 0.024296 0.998711
184.600000000 -5.619233 -4.664365 4.016102 -0.043124 0.011493 0.024290 0.998708
185.100000000 -5.626161 -4.672783 3.159433 -0.044692 0.011833 0.024428 0.998632
185.300000000 -5.630457 -4.674766 2.731094 -0.043053 0.011913 0.024514 0.998701
185.500000000 -5.629942 -4.724485 2.540470 -0.043130 0.011761 0.024477 0.998700
185.600000000 -5.626895 -4.758017 2.556548 -0.043759 0.011702 0.024406 0.998675
185.800000000 -5.623184 -4.843559 2.494288 -0.044733 0.011785 0.024353 0.998633
185.900000000 -5.622455 -4.858448 2.407488 -0.044816 0.011740 0.024310 0.998630
186.000000000 -5.627053 -4.883985 2.148802 -0.043580 0.011664 0.024331 0.998685
186.100000000 -5.628097 -4.883108 2.016832 -0.043787 0.011747 0.024297 0.998676
186.300000000 -5.619915 -4.929190 2.025675 -0.045966 0.011662 0.024374 0.998577
186.700000000 -5.626640 -4.904033 1.354095 -0.047310 0.011863 0.024414 0.998511
186.800000000 -5.626308 -4.935264 1.253919 -0.047003 0.011993 0.024463 0.998523
186.900000000 -5.623787 -4.989087 1.228655 -0.046723 0.011966 0.024525 0.998535
187.000000000 -5.623872 -5.038326 1.149782 -0.046198 0.011742 0.024481 0.998563
187.200000000 -5.634247 -4.957024 0.619897 -0.047602 0.011961 0.024501 0.998494
187.400000000 -5.634550 -4.912461 0.371185 -0.050833 0.012040 0.024648 0.998330
187.500000000 -5.611562 -4.820480 0.858503 -0.057790 0.011988 0.024810 0.997948
188.100000000 -5.553970 -5.057910 2.150837 -0.077054 0.017762 0.008216 0.996835
188.300000000 -5.562538 -5.684925 2.090753 -0.053690 0.018772 0.006897 0.998357
188.500000000 -5.567299 -6.355167 2.229466 -0.034154 0.019422 0.006554 0.999206
188.600000000 -5.560980 -6.392891 2.387726 -0.035482 0.020140 0.006738 0.999145
189.000000000 -5.538685 -6.718919 2.987964 -0.032373 0.022044 0.007386 0.999205
189.300000000 -5.518681 -7.067985 3.597442 -0.026566 0.021275 0.008142 0.999387
189.600000000 -5.487905 -7.430394 4.806578 -0.026884 0.018727 0.008930 0.999423
189.700000000 -5.473443 -7.531951 5.476634 -0.030256 0.019575 0.009411 0.999306
190.000000000 -5.412001 -8.055448 7.868412 -0.046159 0.018323 0.010557 0.998710
190.100000000 -5.406980 -8.037889 7.889932 -0.047218 0.018928 0.011398 0.998640
190.300000000 -5.400057 -7.981456 7.943919 -0.047575 0.021021 0.013088 0.998561
190.600000000 -5.384342 -7.913785 8.068569 -0.047588 0.018688 0.014368 0.998589
190.900000000 -5.365632 -7.814251 8.137541 -0.048999 0.018568 0.015489 0.998506
191.100000000 -5.361860 -7.750116 8.139974 -0.049469 0.017583 0.015331 0.998503
191.600000000 -5.343699 -7.491172 8.240230 -0.050363 0.016698 0.015466 0.998472
191.700000000 -5.337999 -7.435002 8.234455 -0.051305 0.015530 0.015332 0.998445
191.800000000 -5.328926 -7.407704 8.329150 -0.052597 0.014573 0.015363 0.998391
192.500000000 -5.300342 -6.972276 8.399896 -0.050998 0.011802 0.015495 0.998509
192.800000000 -5.288320 -6.796239 8.321366 -0.048932 0.011859 0.015907 0.998605
192.900000000 -5.286653 -6.779493 8.768818 -0.052183 0.012697 0.016028 0.998428
193.000000000 -5.279157 -6.579583 8.175157 -0.051591 0.017257 0.017796 0.998361
193.100000000 -5.338121 -6.094492 6.401411 -0.036632 0.020752 0.018339 0.998945
193.200000000 -5.345018 -5.911448 5.790956 -0.033476 0.017937 0.018082 0.999115
193.300000000 -5.313990 -5.832859 5.978388 -0.035617 0.015944 0.018384 0.999069
193.400000000 -5.328571 -5.844183 6.461893 -0.038051 0.016189 0.018117 0.998980
194.000000000 -5.265125 -6.064157 9.390221 -0.050313 0.014611 0.020734 0.998411
194.100000000 -5.260588 -5.997608 9.373219 -0.050006 0.012791 0.020941 0.998447
194.500000000 -5.231558 -5.840005 10.098921 -0.052692 0.007092 0.022337 0.998336
194.600000000 -5.252349 -5.772671 10.217781 -0.053920 0.009903 0.022863 0.998234
195.000000000 -5.242448 -5.471153 10.322034 -0.054095 0.006145 0.024343 0.998220
195.200000000 -5.255343 -5.314441 10.297767 -0.052345 0.006892 0.025051 0.998291
195.300000000 -5.260980 -5.237420 10.291257 -0.052107 0.006601 0.025294 0.998299
195.500000000 -5.258580 -5.090963 10.267620 -0.053354 0.005647 0.026159 0.998217
195.600000000 -5.276119 -5.015361 10.292088 -0.053426 0.007467 0.026353 0.998196
195.900000000 -5.277789 -4.802756 10.373005 -0.054043 0.005932 0.026933 0.998158
196.000000000 -5.281076 -4.748517 10.372007 -0.052847 0.006260 0.027209 0.998212
196.200000000 -5.283926 -4.586601 10.335307 -0.049925 0.005916 0.027587 0.998354
196.600000000 -5.277390 -4.518149 10.900312 -0.048451 0.001511 0.027360 0.998450
196.700000000 -5.276845 -4.529636 11.158568 -0.050117 0.000765 0.027362 0.998368
196.900000000 -5.287694 -4.520360 11.635378 -0.053123 0.001499 0.027432 0.998210
197.000000000 -5.289715 -4.502442 11.812932 -0.053677 0.001443 0.027466 0.998180
197.100000000 -5.293421 -4.469223 11.946554 -0.054206 0.001531 0.027393 0.998153
197.300000000 -5.302222 -4.369023 11.980808 -0.053187 0.002091 0.027369 0.998207
197.400000000 -5.304557 -4.319134 11.961099 -0.052297 0.001695 0.027319 0.998256
197.600000000 -5.308502 -4.212258 11.858700 -0.050736 0.000891 0.027202 0.998341
