9.200000000 -0.000000 0.000000 -0.000000 -0.000000 -0.000000 -0.000000 1.000000
9.500000000 0.000030 0.001060 0.001644 -0.000016 -0.002154 0.000205 0.999998
9.600000000 0.004544 0.071800 -0.167100 -0.000458 -0.002446 0.000204 0.999997
9.800000000 0.005121 0.087421 -0.206314 -0.000468 -0.002975 0.000105 0.999995
9.900000000 0.005024 0.086228 -0.198593 -0.000525 -0.003034 0.000074 0.999995
10.000000000 0.005284 0.090217 -0.201761 -0.000669 -0.003165 0.000051 0.999995
10.200000000 0.004796 0.128234 -0.291881 -0.000898 -0.002822 0.000107 0.999996
11.300000000 -0.000423 0.017896 -0.052886 0.000057 -0.001119 0.000118 0.999999
11.400000000 0.000105 0.007839 -0.033553 0.000175 0.000189 -0.000042 1.000000
11.600000000 -0.002114 -0.074640 0.237606 -0.000170 -0.004428 0.000457 0.999990
11.700000000 0.000364 -0.031695 0.118481 -0.000350 -0.004227 0.000465 0.999991
11.900000000 0.001840 0.045272 -0.066858 -0.000947 -0.003952 0.000400 0.999992
12.100000000 0.002219 0.042196 -0.088030 -0.000418 -0.003010 0.000132 0.999995
12.400000000 0.004974 0.132239 -0.294638 -0.001069 -0.002637 0.000087 0.999996
12.500000000 0.006710 0.162342 -0.379420 -0.000963 -0.002405 0.000081 0.999997
13.000000000 0.000883 0.048661 -0.107332 -0.000444 -0.002680 0.000210 0.999996
13.100000000 0.005086 0.081957 -0.183549 -0.000696 -0.002676 0.000133 0.999996
13.500000000 0.003570 0.088568 -0.194590 -0.000805 -0.002754 0.000100 0.999996
13.600000000 0.003606 0.112409 -0.255336 -0.000891 -0.002784 0.000104 0.999996
14.100000000 0.003874 0.139869 -0.316177 -0.001167 -0.001441 -0.000031 0.999998
14.700000000 -0.000642 -0.027144 0.090387 -0.000098 -0.004218 0.000424 0.999991
15.100000000 -0.068798 -0.050593 0.256168 -0.000425 -0.004295 0.025626 0.999662
15.500000000 -0.221515 -0.114225 0.433335 0.001034 -0.009908 0.031057 0.999468
15.600000000 -0.263794 0.510840 -1.105793 -0.002104 -0.008356 0.032550 0.999433
15.900000000 -0.467660 1.520706 -3.334547 -0.010906 -0.002133 0.033740 0.999369
16.000000000 -0.553367 1.981421 -4.173606 -0.018947 -0.000809 0.034289 0.999232
16.500000000 -1.099585 3.930866 -9.042174 -0.039927 0.003351 0.036148 0.998543
16.600000000 -1.214390 4.042892 -9.344509 -0.040937 0.004129 0.035931 0.998507
16.800000000 -1.479693 4.731546 -11.253479 -0.049935 0.005673 0.037498 0.998032
16.900000000 -1.612101 4.892456 -11.783153 -0.050748 0.005927 0.037776 0.997979
17.100000000 -1.890062 5.260749 -12.978334 -0.053666 0.006935 0.038408 0.997796
17.300000000 -2.166215 5.408085 -13.435312 -0.055855 0.007393 0.038793 0.997658
17.500000000 -2.437699 5.384071 -13.142994 -0.058257 0.007389 0.038692 0.997524
17.600000000 -2.575619 5.353362 -13.001946 -0.058844 0.007125 0.038491 0.997499
17.800000000 -2.849387 5.051315 -12.297260 -0.052953 0.006527 0.037994 0.997853
17.900000000 -2.981780 4.801635 -11.484968 -0.050920 0.005771 0.037614 0.997977
18.000000000 -3.114928 4.515408 -10.745068 -0.047554 0.005049 0.037197 0.998163
18.400000000 -3.679026 3.626674 -8.423038 -0.034020 -0.005343 0.046551 0.998322
18.700000000 -4.118573 3.162715 -7.238895 -0.030670 -0.031402 0.068702 0.996671
18.900000000 -4.410462 3.093843 -7.301338 -0.030073 -0.030968 0.068737 0.996700
19.100000000 -4.691439 3.018668 -7.295643 -0.031080 -0.026812 0.066738 0.996926
19.400000000 -5.097647 2.823186 -7.392665 -0.031664 -0.023623 0.064505 0.997135
19.500000000 -5.224578 2.664294 -7.218620 -0.030891 -0.023553 0.063667 0.997215
19.700000000 -5.468225 2.300661 -6.824469 -0.028592 -0.022814 0.061861 0.997414
19.900000000 -5.695998 1.925157 -6.334544 -0.028629 -0.022064 0.060082 0.997539
20.000000000 -5.806216 1.682927 -5.968269 -0.028557 -0.021620 0.058990 0.997616
20.600000000 -6.391572 0.162901 -4.475199 -0.018748 -0.018953 0.052936 0.998242
20.700000000 -6.478573 0.024474 -4.542180 -0.018050 -0.018316 0.051991 0.998316
21.000000000 -6.718219 -0.414442 -4.722211 -0.017772 -0.015723 0.049350 0.998500
21.400000000 -6.981013 -0.937986 -5.264176 -0.018207 -0.012321 0.046201 0.998690
21.500000000 -7.041408 -0.984163 -5.611233 -0.018038 -0.011116 0.045224 0.998752
21.600000000 -7.093076 -1.098800 -5.740506 -0.019449 -0.010324 0.044508 0.998766
21.700000000 -7.138497 -1.277171 -5.659490 -0.020966 -0.009695 0.043707 0.998777
21.800000000 -7.182361 -1.482046 -5.711644 -0.019967 -0.009153 0.042830 0.998841
21.900000000 -7.225075 -1.576364 -6.038479 -0.019651 -0.008515 0.041953 0.998890
22.100000000 -7.292210 -1.803789 -6.419701 -0.021267 -0.006914 0.040633 0.998924
22.300000000 -7.343107 -2.166071 -6.507678 -0.020988 -0.005444 0.038965 0.999005
22.400000000 -7.363517 -2.313070 -6.504058 -0.024450 -0.004766 0.038203 0.998959
23.100000000 -7.412120 -3.436519 -7.567721 -0.022020 -0.000249 0.032615 0.999225
23.400000000 -7.378116 -3.991098 -7.726546 -0.021501 0.000910 0.030451 0.999305
23.600000000 -7.339078 -4.318077 -7.934845 -0.021827 0.001678 0.029330 0.999330
23.800000000 -7.287638 -4.650816 -8.194766 -0.020232 0.002121 0.029216 0.999366
23.900000000 -7.263008 -4.702310 -8.760917 -0.018437 0.001642 0.029215 0.999402
24.000000000 -7.229447 -4.850125 -8.756563 -0.019870 0.000960 0.029220 0.999375
24.100000000 -7.193964 -5.010719 -8.795827 -0.021057 0.001072 0.029430 0.999344
24.200000000 -7.156651 -5.101520 -9.124982 -0.020211 0.001614 0.029781 0.999351
24.300000000 -7.116705 -5.231064 -9.241406 -0.021125 0.001740 0.029930 0.999327
24.500000000 -7.025399 -5.599009 -9.215795 -0.023865 0.004463 0.029309 0.999276
24.600000000 -6.981861 -5.734863 -9.511051 -0.022769 0.012401 0.027104 0.999296
24.700000000 -6.934641 -5.873308 -9.688432 -0.021115 0.019216 0.024842 0.999284
24.900000000 -6.831801 -6.223256 -9.803284 -0.020139 0.024853 0.022044 0.999245
25.100000000 -6.718934 -6.481382 -10.026441 -0.020417 0.023431 0.020695 0.999303
25.200000000 -6.667217 -6.656747 -9.921540 -0.021549 0.023163 0.019864 0.999302
25.600000000 -6.418211 -7.247374 -9.890851 -0.023007 0.017747 0.016878 0.999435
25.700000000 -6.356459 -7.384971 -10.100359 -0.020018 0.019143 0.016691 0.999477
25.800000000 -6.284633 -7.384739 -10.438917 -0.022724 0.018053 0.016318 0.999446
26.000000000 -6.153330 -7.375420 -11.293110 -0.022564 0.019184 0.016025 0.999433
26.300000000 -5.948212 -7.544220 -11.822463 -0.022476 0.018347 0.015236 0.999463
26.500000000 -5.806766 -7.665636 -12.135354 -0.021526 0.017929 0.015073 0.999494
26.600000000 -5.730847 -7.796036 -12.140386 -0.018078 0.017011 0.015087 0.999578
27.000000000 -5.443687 -8.363227 -11.539910 -0.019051 0.014390 0.014055 0.999616
27.400000000 -5.155094 -8.761296 -11.198811 -0.017723 0.013568 0.014276 0.999649
27.500000000 -5.078823 -8.786513 -11.240556 -0.018724 0.012486 0.014445 0.999642
27.900000000 -4.804529 -8.770990 -11.705913 -0.021034 0.012722 0.015539 0.999577
28.800000000 -4.256759 -8.593510 -12.677745 -0.023172 0.012249 0.018679 0.999482
29.000000000 -4.155103 -8.612755 -12.496318 -0.025155 0.010739 0.018795 0.999449
29.200000000 -4.050423 -8.615049 -12.428905 -0.025348 0.010425 0.019560 0.999433
29.400000000 -3.956143 -8.540016 -12.407912 -0.025219 0.010617 0.020325 0.999419
29.700000000 -3.833356 -8.521949 -12.225971 -0.026460 0.010413 0.021258 0.999370
29.800000000 -3.787958 -8.473315 -12.418643 -0.024548 0.010010 0.021893 0.999409
29.900000000 -3.753198 -8.446290 -12.409191 -0.024492 0.009603 0.022097 0.999410
30.400000000 -3.589870 -8.256954 -12.253171 -0.026134 0.006601 0.023822 0.999353
30.500000000 -3.564982 -8.224315 -12.230037 -0.026177 0.007066 0.024288 0.999337
31.300000000 -3.446621 -7.884998 -11.837408 -0.025724 0.004850 0.026362 0.999310
31.400000000 -3.442525 -7.787367 -11.884123 -0.026151 0.005101 0.026684 0.999289
31.800000000 -3.431419 -7.466058 -11.898441 -0.029581 0.005467 0.028460 0.999142
31.900000000 -3.430493 -7.405435 -11.879073 -0.029853 0.003828 0.028551 0.999139
32.300000000 -3.464134 -7.179100 -11.620311 -0.029960 0.003177 0.028540 0.999139
32.500000000 -3.487409 -7.009903 -11.629667 -0.030607 0.003220 0.028866 0.999109
32.800000000 -3.536672 -6.784164 -11.611630 -0.029524 0.003872 0.029626 0.999117
32.900000000 -3.559651 -6.692501 -11.631623 -0.029710 0.003691 0.029658 0.999112
33.100000000 -3.601408 -6.552203 -11.515218 -0.030399 0.004337 0.030323 0.999068
33.300000000 -3.651730 -6.365732 -11.495256 -0.031353 0.005236 0.030873 0.999018
33.800000000 -3.794442 -5.983178 -11.290851 -0.031896 0.004450 0.032226 0.998962
33.900000000 -3.827053 -5.949625 -11.056246 -0.032974 0.005492 0.032418 0.998915
34.200000000 -3.927295 -5.895215 -10.703555 -0.025781 0.004277 0.033098 0.999110
34.400000000 -3.998561 -5.791745 -10.344226 -0.027668 0.004895 0.033712 0.999037
34.600000000 -4.072464 -5.643326 -10.289424 -0.028054 0.004515 0.034358 0.999006
34.800000000 -4.142648 -5.549770 -9.957902 -0.029192 0.004408 0.035295 0.998941
35.000000000 -4.220174 -5.424816 -9.823017 -0.028014 0.004925 0.036079 0.998944
35.300000000 -4.339254 -5.174803 -9.658697 -0.028957 0.004295 0.037051 0.998884
35.500000000 -4.417905 -5.045799 -9.463893 -0.028873 0.004473 0.037858 0.998856
35.700000000 -4.498602 -4.915070 -9.381041 -0.028432 0.004275 0.038425 0.998848
35.800000000 -4.534523 -4.932897 -9.239042 -0.025506 0.004735 0.038911 0.998906
36.000000000 -4.612612 -4.899094 -8.662499 -0.026792 0.003647 0.039283 0.998862
36.300000000 -4.720077 -4.805207 -8.175895 -0.027508 0.003924 0.040203 0.998805
36.600000000 -4.834530 -4.487545 -8.354889 -0.027550 0.003533 0.040956 0.998775
36.900000000 -4.939633 -4.196470 -8.479553 -0.028386 0.003942 0.041595 0.998723
37.000000000 -4.972229 -4.184928 -8.357106 -0.026759 0.003972 0.041716 0.998763
37.100000000 -5.003907 -4.117121 -8.285356 -0.027660 0.003679 0.041926 0.998731
37.300000000 -5.070766 -3.991721 -8.262108 -0.027636 0.003042 0.041974 0.998732
38.100000000 -5.285576 -3.507652 -8.084524 -0.028488 0.003492 0.042678 0.998677
38.400000000 -5.350246 -3.192866 -8.363459 -0.030844 0.003943 0.042986 0.998592
38.700000000 -5.406608 -3.170394 -8.001341 -0.030167 0.003723 0.042670 0.998627
39.300000000 -5.486029 -3.274456 -7.068841 -0.026143 0.002878 0.041865 0.998777
39.500000000 -5.503910 -3.192341 -6.925242 -0.027273 0.002744 0.041744 0.998752
39.600000000 -5.512959 -3.150449 -6.943878 -0.027033 0.002833 0.041618 0.998764
39.800000000 -5.526978 -3.012928 -7.116892 -0.026882 0.003029 0.041489 0.998773
40.500000000 -5.539304 -2.667272 -7.364731 -0.030255 0.004057 0.041036 0.998691
40.800000000 -5.528721 -2.641617 -7.201047 -0.029919 0.004038 0.040686 0.998716
40.900000000 -5.524132 -2.555438 -7.349465 -0.030551 0.004032 0.040638 0.998699
41.200000000 -5.505828 -2.510658 -7.268745 -0.030523 0.004536 0.040129 0.998718
41.700000000 -5.455496 -2.541447 -6.752103 -0.032631 0.004838 0.039242 0.998685
41.900000000 -5.428801 -2.542026 -6.645348 -0.033317 0.005033 0.039048 0.998669
42.400000000 -5.360638 -2.637866 -6.003011 -0.032874 0.005346 0.037756 0.998732
42.700000000 -5.308466 -2.729078 -5.654905 -0.032566 0.005395 0.037309 0.998758
43.000000000 -5.249903 -2.851168 -5.111382 -0.031729 0.005467 0.036841 0.998802
43.300000000 -5.199200 -2.978588 -4.500474 -0.032204 0.005305 0.035830 0.998825
43.600000000 -5.143322 -3.018260 -4.091404 -0.033968 0.004885 0.035183 0.998792
43.800000000 -5.097270 -2.983073 -4.073469 -0.033780 0.005154 0.035105 0.998799
43.900000000 -5.080613 -2.968325 -4.136328 -0.032962 0.005431 0.034847 0.998834
44.000000000 -5.058633 -2.745609 -4.197412 -0.039097 0.005788 0.034954 0.998607
44.400000000 -4.983303 -2.026623 -5.061751 -0.051530 0.007720 0.034857 0.998033
44.500000000 -4.966661 -1.966257 -5.407149 -0.049788 0.007932 0.034760 0.998123
44.600000000 -4.945263 -1.924655 -5.467229 -0.049957 0.008032 0.034797 0.998113
44.700000000 -4.925014 -1.886819 -5.402227 -0.050963 0.008230 0.034695 0.998064
44.900000000 -4.885220 -1.899572 -4.808589 -0.053471 0.008197 0.034221 0.997949
45.100000000 -4.847393 -2.150256 -4.030186 -0.051364 0.007550 0.033593 0.998086
45.300000000 -4.809796 -2.354125 -3.411697 -0.049823 0.006891 0.033280 0.998180
45.400000000 -4.793386 -2.211973 -3.532095 -0.051539 0.007157 0.033238 0.998092
46.000000000 -4.694234 -1.593375 -4.463442 -0.056694 0.008890 0.033443 0.997792
46.200000000 -4.664888 -1.393328 -4.686282 -0.058888 0.008967 0.033572 0.997660
46.600000000 -4.610427 -1.261322 -4.461072 -0.059751 0.009292 0.033505 0.997608
46.900000000 -4.575235 -1.405973 -3.804041 -0.058073 0.008595 0.033178 0.997724
47.100000000 -4.554675 -1.253924 -3.844543 -0.059476 0.008777 0.033261 0.997637
47.600000000 -4.514669 -0.981538 -4.119977 -0.058585 0.009535 0.033567 0.997672
47.800000000 -4.498509 -0.929328 -3.984766 -0.059228 0.009565 0.033752 0.997628
48.000000000 -4.486936 -0.851456 -3.952054 -0.059318 0.009626 0.033903 0.997617
49.100000000 -4.450518 -0.490247 -3.059340 -0.058520 0.010283 0.034846 0.997625
49.300000000 -4.450092 -0.370784 -2.784296 -0.060740 0.010599 0.035017 0.997483
49.700000000 -4.453951 -0.375693 -2.032168 -0.059791 0.010377 0.035369 0.997530
49.800000000 -4.454860 -0.361727 -1.999233 -0.059570 0.010575 0.035584 0.997534
50.200000000 -4.470895 -0.234462 -1.412506 -0.059608 0.010657 0.035832 0.997522
50.300000000 -4.477071 -0.225779 -1.184707 -0.060106 0.010625 0.035883 0.997490
50.500000000 -4.486236 -0.172885 -0.939480 -0.059916 0.010843 0.036128 0.997491
50.700000000 -4.499736 -0.157553 -0.580375 -0.058175 0.010401 0.036311 0.997592
50.800000000 -4.505940 -0.211804 -0.253039 -0.059495 0.010308 0.036474 0.997509
51.000000000 -4.527741 -0.352139 0.835717 -0.059525 0.009464 0.036421 0.997517
51.300000000 -4.562999 -0.456877 1.757133 -0.057511 0.008608 0.036346 0.997646
52.000000000 -4.637269 -0.292973 3.060651 -0.059448 0.009321 0.036863 0.997507
52.100000000 -4.647099 -0.275223 3.176250 -0.059659 0.009317 0.036984 0.997490
52.600000000 -4.697402 -0.089915 3.749080 -0.058173 0.008800 0.037677 0.997556
52.800000000 -4.717430 0.027525 3.803097 -0.057256 0.009173 0.037779 0.997602
52.900000000 -4.734771 -0.017509 4.211398 -0.057873 0.009087 0.037706 0.997570
53.100000000 -4.757326 0.042478 4.532402 -0.058599 0.008882 0.037865 0.997524
53.400000000 -4.793240 0.127328 4.991158 -0.058872 0.009170 0.038065 0.997497
53.700000000 -4.821016 0.208536 5.354596 -0.058319 0.009649 0.038565 0.997506
53.800000000 -4.833245 0.233612 5.456566 -0.058931 0.009389 0.038535 0.997474
53.900000000 -4.844772 0.286000 5.506507 -0.058205 0.009250 0.038518 0.997518
54.200000000 -4.872790 0.430626 5.718894 -0.057416 0.009239 0.038865 0.997551
54.600000000 -4.913103 0.577482 6.118076 -0.057695 0.009246 0.039010 0.997529
54.800000000 -4.929458 0.659313 6.262793 -0.057139 0.009674 0.039237 0.997548
54.900000000 -4.940231 0.637825 6.595377 -0.058074 0.009540 0.039295 0.997493
55.300000000 -4.985846 0.589195 7.553672 -0.055916 0.009526 0.039184 0.997621
55.600000000 -5.006960 0.708886 7.863846 -0.056976 0.009678 0.039336 0.997553
55.800000000 -5.023051 0.758786 7.999870 -0.055278 0.009735 0.039256 0.997651
56.000000000 -5.031215 0.858901 8.099464 -0.056230 0.010068 0.039507 0.997585
56.700000000 -5.064823 1.137645 8.470255 -0.056026 0.009490 0.039657 0.997596
56.800000000 -5.068051 1.162213 8.560905 -0.055552 0.009717 0.039711 0.997618
56.900000000 -5.072015 1.172452 8.693131 -0.055367 0.009719 0.039745 0.997627
57.100000000 -5.082980 1.213141 8.922998 -0.055226 0.009552 0.039526 0.997645
57.400000000 -5.097805 1.233072 9.329721 -0.052791 0.009570 0.039269 0.997787
57.700000000 -5.109858 1.206106 10.001597 -0.053177 0.009668 0.039116 0.997772
58.300000000 -5.121456 1.300083 10.867537 -0.055886 0.009752 0.038805 0.997635
58.400000000 -5.120130 1.334435 10.896593 -0.055601 0.009944 0.038846 0.997648
58.500000000 -5.119482 1.379548 10.916752 -0.056009 0.009888 0.038818 0.997626
59.000000000 -5.117974 1.472451 11.374571 -0.054482 0.009882 0.038592 0.997720
59.300000000 -5.122195 1.486274 11.882900 -0.054865 0.009459 0.038135 0.997720
59.500000000 -5.120293 1.442749 12.206708 -0.052202 0.009745 0.038093 0.997862
59.700000000 -5.119801 1.478093 12.567639 -0.054784 0.009736 0.037847 0.997733
59.900000000 -5.116332 1.523574 12.855599 -0.056197 0.009643 0.037743 0.997659
60.500000000 -5.103852 1.518065 13.631481 -0.053328 0.009558 0.037434 0.997829
60.600000000 -5.102250 1.555465 13.763237 -0.054261 0.009511 0.037307 0.997784
60.900000000 -5.097351 1.584111 14.290078 -0.056080 0.009496 0.037027 0.997694
61.000000000 -5.094536 1.602904 14.397276 -0.056359 0.009513 0.036967 0.997681
61.500000000 -5.079231 1.631355 15.060572 -0.054977 0.009460 0.036819 0.997764
61.600000000 -5.075742 1.643368 15.224495 -0.055882 0.009608 0.036796 0.997713
61.700000000 -5.072588 1.667970 15.317580 -0.055915 0.009674 0.036770 0.997711
61.900000000 -5.069429 1.669340 15.703385 -0.056982 0.009674 0.036598 0.997657
62.100000000 -5.062676 1.710952 15.853193 -0.056189 0.009574 0.036522 0.997706
62.300000000 -5.058251 1.712929 16.221105 -0.056519 0.009616 0.036424 0.997691
62.600000000 -5.051349 1.752183 16.609562 -0.056034 0.009593 0.036241 0.997725
62.900000000 -5.042205 1.772830 17.109113 -0.058141 0.009884 0.036306 0.997599
63.000000000 -5.039680 1.787582 17.230310 -0.057675 0.009878 0.036243 0.997628
63.200000000 -5.036304 1.818878 17.451971 -0.055538 0.009549 0.036158 0.997756
63.300000000 -5.034320 1.795275 17.720858 -0.056783 0.009628 0.036186 0.997684
63.400000000 -5.031302 1.834933 17.707742 -0.054680 0.009671 0.036171 0.997802
63.500000000 -5.027378 1.852095 17.863422 -0.055679 0.009826 0.036243 0.997742
63.800000000 -5.023101 1.878560 18.339624 -0.055880 0.009669 0.036174 0.997735
64.400000000 -5.018619 1.943045 19.273886 -0.057225 0.009725 0.035955 0.997666
64.500000000 -5.017011 1.950439 19.447212 -0.057397 0.009810 0.036022 0.997653
64.600000000 -5.014022 1.993684 19.456561 -0.055715 0.009711 0.036117 0.997746
64.700000000 -5.014345 1.976660 19.699865 -0.055763 0.009656 0.036094 0.997745
64.800000000 -5.012594 2.006020 19.799057 -0.056135 0.009602 0.036165 0.997722
65.200000000 -5.013938 2.028767 20.510609 -0.056429 0.009877 0.036087 0.997705
65.300000000 -5.011909 2.051796 20.629113 -0.056384 0.009863 0.036199 0.997704
65.400000000 -5.013357 2.056595 20.818988 -0.056862 0.009860 0.036118 0.997680
65.500000000 -5.013808 2.079745 20.902652 -0.055547 0.009831 0.036088 0.997755
65.900000000 -5.012640 2.150027 21.493068 -0.056567 0.009929 0.036322 0.997688
66.000000000 -5.013040 2.168399 21.639413 -0.056889 0.009891 0.036344 0.997670
66.800000000 -5.024377 2.113939 23.366091 -0.053477 0.010600 0.036098 0.997860
67.000000000 -5.025690 2.158597 23.621749 -0.054111 0.011040 0.036148 0.997819
67.300000000 -5.031420 2.160129 24.253084 -0.053930 0.011302 0.035959 0.997833
67.400000000 -5.031376 2.187717 24.367182 -0.053771 0.011320 0.036037 0.997839
67.500000000 -5.032465 2.188818 24.566458 -0.054074 0.011346 0.036031 0.997822
67.700000000 -5.036018 2.171272 25.059314 -0.054410 0.011375 0.035877 0.997809
67.900000000 -5.038895 2.195372 25.390641 -0.054210 0.011365 0.035858 0.997821
68.200000000 -5.039343 2.221626 25.961965 -0.055605 0.011669 0.036048 0.997734
68.500000000 -5.045000 2.234572 26.569947 -0.055946 0.011698 0.035840 0.997722
69.100000000 -5.050813 2.200487 27.919914 -0.054418 0.011991 0.035521 0.997814
70.000000000 -5.057326 2.090384 30.143270 -0.052642 0.012283 0.034751 0.997933
70.200000000 -5.055759 2.072516 30.642101 -0.053992 0.012600 0.034680 0.997859
70.300000000 -5.059289 2.081017 30.834118 -0.053842 0.012677 0.034372 0.997877
71.200000000 -5.058786 1.979278 33.025723 -0.052870 0.012689 0.033611 0.997955
71.300000000 -5.058860 1.984313 33.211744 -0.053012 0.012826 0.033539 0.997948
71.500000000 -5.057103 1.998348 33.633982 -0.056182 0.012688 0.033532 0.997777
71.700000000 -5.054849 1.977898 34.142423 -0.057292 0.013082 0.033464 0.997711
71.800000000 -5.056683 1.997857 34.282348 -0.057010 0.012890 0.033290 0.997735
72.300000000 -5.054910 2.001411 35.303308 -0.057418 0.013189 0.032994 0.997718
72.500000000 -5.052694 2.005580 35.715434 -0.058895 0.012830 0.032981 0.997637
72.800000000 -5.051886 2.007756 36.345581 -0.059636 0.013144 0.032713 0.997597
73.000000000 -5.051345 2.037213 36.680636 -0.061017 0.012924 0.032672 0.997518
73.200000000 -5.049086 2.047178 37.064207 -0.061660 0.012556 0.032674 0.997483
73.300000000 -5.048833 2.058117 37.242828 -0.061941 0.012752 0.032599 0.997466
73.400000000 -5.047295 2.069696 37.402136 -0.061904 0.012582 0.032689 0.997467
74.200000000 -5.043768 2.126487 38.835864 -0.062229 0.012932 0.032326 0.997454
74.400000000 -5.040380 2.114426 39.301924 -0.062932 0.012604 0.032274 0.997416
74.900000000 -5.039982 2.196390 40.067893 -0.065043 0.012661 0.032182 0.997283
75.400000000 -5.034959 2.199429 41.091403 -0.065052 0.013064 0.031867 0.997287
75.600000000 -5.035023 2.233068 41.391969 -0.065845 0.012900 0.031815 0.997239
75.800000000 -5.032842 2.251999 41.731635 -0.065704 0.013133 0.031820 0.997245
75.900000000 -5.031774 2.262432 41.900544 -0.065627 0.013336 0.031819 0.997248
76.400000000 -5.031848 2.335732 42.721101 -0.069182 0.013139 0.031647 0.997015
76.500000000 -5.031549 2.349730 42.875680 -0.069271 0.013166 0.031617 0.997010
76.700000000 -5.030589 2.361641 43.260968 -0.069678 0.013267 0.031429 0.996986
77.000000000 -5.028251 2.379741 43.777845 -0.067383 0.013531 0.031349 0.997143
77.500000000 -5.020337 2.414643 44.729912 -0.069720 0.013567 0.031220 0.996986
78.200000000 -5.012488 2.490219 45.956608 -0.070582 0.013571 0.030911 0.996935
79.300000000 -4.988018 2.603944 47.976581 -0.073072 0.014113 0.030678 0.996755
79.500000000 -4.988972 2.671566 48.139506 -0.073181 0.014157 0.030720 0.996745
79.700000000 -4.975940 2.654027 48.675543 -0.073151 0.014241 0.030698 0.996747
80.000000000 -4.979383 2.755391 48.899462 -0.071935 0.014150 0.030678 0.996837
80.300000000 -4.965651 2.764901 49.569596 -0.073462 0.014231 0.030634 0.996726
80.700000000 -4.955152 2.833355 50.175335 -0.071239 0.014382 0.030651 0.996884
80.900000000 -4.948744 2.861814 50.511912 -0.071610 0.014368 0.030641 0.996858
81.500000000 -4.931982 2.966978 51.482760 -0.073689 0.014378 0.030654 0.996706
81.600000000 -4.930445 3.002825 51.537524 -0.072264 0.014584 0.030796 0.996803
82.200000000 -4.913831 3.089973 52.498115 -0.071129 0.014281 0.030756 0.996891
82.300000000 -4.904555 3.080713 52.778904 -0.070532 0.014368 0.030714 0.996933
82.900000000 -4.881469 3.158983 53.842581 -0.070667 0.014532 0.030855 0.996917
83.100000000 -4.875822 3.197873 54.141956 -0.071422 0.014491 0.030938 0.996861
84.000000000 -4.856607 3.368219 55.432982 -0.070422 0.014922 0.031168 0.996919
84.200000000 -4.853457 3.414814 55.701556 -0.070314 0.015030 0.031250 0.996922
84.400000000 -4.851286 3.454071 55.994537 -0.070043 0.015126 0.031207 0.996941
84.600000000 -4.847443 3.484087 56.265650 -0.069533 0.014928 0.031371 0.996975
84.800000000 -4.844551 3.523468 56.554888 -0.069328 0.015196 0.031415 0.996983
85.400000000 -4.835060 3.634105 57.409001 -0.068852 0.015998 0.031721 0.996994
85.800000000 -4.833018 3.708074 57.983207 -0.068678 0.016461 0.031559 0.997004
85.900000000 -4.833368 3.741089 58.101855 -0.068189 0.016260 0.031561 0.997040
86.200000000 -4.829416 3.790271 58.546912 -0.067479 0.016783 0.031635 0.997078
86.400000000 -4.825095 3.822140 58.819565 -0.067299 0.016958 0.031871 0.997080
86.600000000 -4.823407 3.849495 59.097313 -0.066459 0.017043 0.031887 0.997134
86.800000000 -4.822564 3.894179 59.390120 -0.066552 0.017347 0.031845 0.997124
87.100000000 -4.819816 3.944548 59.828493 -0.066036 0.017417 0.031863 0.997156
87.300000000 -4.820089 3.995631 60.119922 -0.066805 0.017440 0.031753 0.997108
87.400000000 -4.818581 4.035066 60.294136 -0.067336 0.017504 0.031802 0.997070
87.500000000 -4.818256 4.044551 60.411364 -0.066660 0.017439 0.031809 0.997116
87.600000000 -4.816747 4.075139 60.568820 -0.067374 0.017280 0.031840 0.997070
87.700000000 -4.817225 4.096661 60.709699 -0.067484 0.017358 0.031757 0.997064
88.000000000 -4.812107 4.088332 61.115146 -0.064185 0.016944 0.031755 0.997289
88.500000000 -4.808769 4.198555 61.844704 -0.065241 0.016993 0.031654 0.997223
88.600000000 -4.807674 4.244530 61.989013 -0.065757 0.017005 0.031708 0.997187
89.100000000 -4.798838 4.330445 62.741776 -0.065780 0.016631 0.031687 0.997192
89.200000000 -4.798008 4.365930 62.869429 -0.066103 0.016556 0.031683 0.997172
89.500000000 -4.790168 4.412787 63.309520 -0.065499 0.017024 0.031824 0.997200
89.600000000 -4.791034 4.434747 63.362948 -0.064833 0.016821 0.031755 0.997249
89.800000000 -4.785765 4.477089 63.724113 -0.065671 0.016646 0.031740 0.997197
89.900000000 -4.780687 4.488476 63.928866 -0.065967 0.016564 0.031803 0.997177
90.000000000 -4.780565 4.512522 64.025656 -0.065687 0.016561 0.031736 0.997198
90.100000000 -4.776253 4.528582 64.211887 -0.065896 0.016686 0.031781 0.997181
90.200000000 -4.776385 4.572561 64.298051 -0.066380 0.016459 0.031741 0.997154
90.300000000 -4.771690 4.591913 64.523030 -0.067589 0.016393 0.031760 0.997073
90.500000000 -4.766632 4.622559 64.811341 -0.067019 0.016482 0.031700 0.997112
90.900000000 -4.749494 4.709284 65.539068 -0.069169 0.016236 0.031798 0.996966
91.100000000 -4.746330 4.717823 65.639364 -0.065865 0.016454 0.031767 0.997187
91.600000000 -4.729582 4.849225 66.383215 -0.067258 0.016284 0.031664 0.997100
92.200000000 -4.702337 4.951841 67.314374 -0.067213 0.016316 0.031728 0.997101
92.600000000 -4.682365 5.002015 67.994715 -0.067383 0.016545 0.031726 0.997085
92.700000000 -4.677808 5.023943 68.101266 -0.067337 0.016525 0.031756 0.997088
93.300000000 -4.649845 5.124680 69.011851 -0.067269 0.016532 0.031684 0.997095
93.500000000 -4.644478 5.203240 69.147052 -0.067794 0.016527 0.031679 0.997059
93.600000000 -4.637846 5.203204 69.328358 -0.066733 0.016635 0.031688 0.997129
93.700000000 -4.633478 5.227584 69.458459 -0.067254 0.016613 0.031679 0.997094
93.800000000 -4.627457 5.238068 69.653606 -0.067244 0.016853 0.031657 0.997092
94.200000000 -4.611488 5.340517 70.126607 -0.067709 0.016699 0.031602 0.997065
94.400000000 -4.599872 5.365931 70.441970 -0.067080 0.016663 0.031679 0.997105
94.600000000 -4.592920 5.422287 70.677158 -0.067651 0.016843 0.031568 0.997067
94.800000000 -4.582431 5.455229 70.946699 -0.066425 0.016722 0.031624 0.997150
94.900000000 -4.578392 5.482199 71.080027 -0.066878 0.016911 0.031588 0.997118
95.100000000 -4.566038 5.497898 71.444834 -0.066959 0.016893 0.031578 0.997113
95.200000000 -4.562442 5.530063 71.557205 -0.067669 0.017042 0.031558 0.997063
95.400000000 -4.555127 5.572075 71.777698 -0.065942 0.016849 0.031549 0.997182
95.500000000 -4.550379 5.598929 71.915686 -0.066476 0.016887 0.031549 0.997146
95.600000000 -4.548851 5.643794 71.964957 -0.066854 0.016873 0.031525 0.997122
95.700000000 -4.544369 5.662277 72.103111 -0.066579 0.016998 0.031494 0.997139
95.800000000 -4.536058 5.658595 72.333073 -0.066595 0.017208 0.031538 0.997133
96.000000000 -4.529978 5.720378 72.533658 -0.066860 0.017047 0.031538 0.997118
96.100000000 -4.527169 5.748000 72.649917 -0.067087 0.017175 0.031452 0.997103
96.800000000 -4.503821 5.929652 73.451516 -0.067018 0.016737 0.031512 0.997114
97.400000000 -4.475831 6.024854 74.407413 -0.067547 0.017168 0.031493 0.997071
97.700000000 -4.463302 6.078986 74.843752 -0.067214 0.017355 0.031465 0.997091
97.900000000 -4.454887 6.117260 75.127819 -0.067201 0.017348 0.031510 0.997091
98.300000000 -4.432128 6.158817 75.838002 -0.067261 0.017428 0.031569 0.997084
98.500000000 -4.427378 6.209324 76.080289 -0.067331 0.017564 0.031465 0.997080
98.600000000 -4.427877 6.247233 76.145438 -0.067171 0.017566 0.031440 0.997091
98.700000000 -4.423685 6.266351 76.286784 -0.067119 0.017516 0.031492 0.997094
99.000000000 -4.408555 6.305134 76.794443 -0.067113 0.017653 0.031460 0.997093
99.100000000 -4.403549 6.321853 76.944376 -0.067272 0.017610 0.031531 0.997081
99.200000000 -4.401215 6.346654 77.064609 -0.067107 0.017551 0.031547 0.997092
99.300000000 -4.399136 6.376257 77.165038 -0.067039 0.017472 0.031573 0.997098
99.400000000 -4.394239 6.387311 77.344007 -0.067431 0.017590 0.031587 0.997069
99.600000000 -4.386929 6.425157 77.629331 -0.067027 0.017663 0.031546 0.997096
99.900000000 -4.374261 6.476114 78.095949 -0.067379 0.017626 0.031542 0.997073
100.100000000 -4.364574 6.502179 78.424054 -0.067312 0.017636 0.031536 0.997078
100.500000000 -4.348100 6.574480 79.004110 -0.066444 0.017812 0.031591 0.997131
100.700000000 -4.345254 6.631965 79.221526 -0.067108 0.017686 0.031583 0.997089
100.800000000 -4.336914 6.632688 79.434205 -0.066988 0.017707 0.031654 0.997094
100.900000000 -4.337241 6.665258 79.526884 -0.066673 0.017774 0.031536 0.997118
101.100000000 -4.324952 6.681786 79.888137 -0.066301 0.017822 0.031561 0.997141
101.400000000 -4.313484 6.740577 80.321670 -0.066679 0.017956 0.031590 0.997113
101.500000000 -4.307838 6.754728 80.494573 -0.067084 0.017974 0.031594 0.997085
101.600000000 -4.305343 6.779079 80.627496 -0.067289 0.018272 0.031544 0.997067
101.800000000 -4.294453 6.805928 80.940563 -0.066760 0.017891 0.031695 0.997105
102.200000000 -4.277439 6.875781 81.550891 -0.067067 0.018329 0.031622 0.997079
102.300000000 -4.276963 6.908668 81.642260 -0.067143 0.018504 0.031570 0.997072
102.400000000 -4.271856 6.925840 81.784365 -0.066855 0.018270 0.031720 0.997091
102.500000000 -4.266484 6.936866 81.982359 -0.067411 0.018634 0.031545 0.997052
102.700000000 -4.257015 6.964406 82.321276 -0.068042 0.018658 0.031382 0.997014
102.900000000 -4.250760 7.016898 82.525958 -0.067179 0.018732 0.031612 0.997064
103.100000000 -4.239786 7.047388 82.837218 -0.066939 0.018540 0.031682 0.997082
103.600000000 -4.216202 7.144231 83.551462 -0.067616 0.018238 0.031996 0.997031
103.700000000 -4.212473 7.154559 83.711632 -0.067226 0.018799 0.031761 0.997055
104.000000000 -4.200602 7.202876 84.112924 -0.066389 0.019013 0.031620 0.997111
104.100000000 -4.194430 7.217842 84.259256 -0.066619 0.018617 0.031855 0.997096
104.300000000 -4.185848 7.239855 84.545928 -0.066757 0.019111 0.031628 0.997085
104.400000000 -4.179978 7.227803 84.677688 -0.065975 0.018685 0.031658 0.997144
104.500000000 -4.179027 7.214057 84.796383 -0.066274 0.020065 0.030937 0.997120
105.900000000 -4.134288 7.561818 86.677581 -0.064551 0.009231 0.016478 0.997736
106.100000000 -4.138061 7.630319 86.860551 -0.064059 0.008061 0.017079 0.997767
106.300000000 -4.138303 7.599409 87.047917 -0.061121 0.006581 0.017790 0.997950
106.400000000 -4.131441 7.424295 87.103981 -0.061070 0.005753 0.018131 0.997952
106.500000000 -4.137896 7.424721 87.126903 -0.059666 0.004694 0.018638 0.998033
106.700000000 -4.163209 7.941347 87.567501 -0.064395 0.002835 0.020223 0.997716
106.800000000 -4.177582 8.158162 87.785995 -0.066761 0.001224 0.021173 0.997544
106.900000000 -4.172493 8.165774 87.895218 -0.066307 0.003426 0.021379 0.997564
107.400000000 -4.208190 8.256358 88.160042 -0.060868 0.002052 0.024388 0.997846
107.500000000 -4.213515 8.239716 88.165431 -0.059349 0.002304 0.025009 0.997921
108.200000000 -4.275811 9.061093 88.770076 -0.065116 0.001426 0.029922 0.997428
108.500000000 -4.269605 8.958892 88.742406 -0.061170 0.004950 0.029603 0.997676
108.600000000 -4.253961 8.867545 88.777508 -0.060758 0.007591 0.029289 0.997694
108.800000000 -4.307634 9.118224 88.783436 -0.058005 0.005543 0.029365 0.997869
109.100000000 -4.355446 9.298241 88.840873 -0.058087 0.004323 0.029463 0.997867
109.200000000 -4.375155 9.297208 88.774715 -0.057423 0.003480 0.029533 0.997907
109.500000000 -4.422485 9.767833 89.053235 -0.059850 0.003742 0.029645 0.997760
109.800000000 -4.427421 10.051305 89.103775 -0.060949 0.008808 0.029186 0.997675
110.100000000 -4.448310 10.431372 89.333051 -0.063242 0.011603 0.029010 0.997509
110.700000000 -4.580077 10.983346 89.266834 -0.064825 0.001579 0.032974 0.997350
110.900000000 -4.599731 11.135663 89.284186 -0.064682 0.004142 0.033301 0.997342
111.100000000 -4.648948 11.226775 89.146857 -0.063142 0.003427 0.033872 0.997424
111.300000000 -4.690188 11.384909 89.076109 -0.063078 0.002277 0.034958 0.997394
111.400000000 -4.696805 11.504845 89.106300 -0.063364 0.004065 0.035325 0.997357
111.500000000 -4.725395 11.530958 89.014752 -0.062995 0.001528 0.036356 0.997350
112.100000000 -4.782026 11.650587 88.420094 -0.057558 0.009550 0.038068 0.997570
112.200000000 -4.802013 11.714857 88.370236 -0.057554 0.006911 0.039375 0.997542
112.300000000 -4.830717 11.937778 88.562746 -0.061019 0.007214 0.039520 0.997328
112.500000000 -4.863130 12.013801 88.468558 -0.061690 0.007095 0.040496 0.997248
112.600000000 -4.870272 12.185469 88.524356 -0.062835 0.011438 0.040152 0.997150
112.900000000 -4.944514 12.569529 88.507438 -0.066204 0.010275 0.040933 0.996913
113.100000000 -4.968467 12.607789 88.377108 -0.065739 0.011568 0.041340 0.996913
113.200000000 -4.967383 12.585422 88.228044 -0.065064 0.014393 0.041183 0.996927
113.400000000 -5.036664 12.656486 87.932252 -0.064400 0.009261 0.042180 0.996989
113.500000000 -5.051683 12.797326 88.030133 -0.065791 0.010476 0.042103 0.996890
113.700000000 -5.084034 12.817387 87.913214 -0.065345 0.009029 0.042854 0.996901
114.200000000 -5.141853 12.876093 87.543231 -0.065475 0.013394 0.041990 0.996880
114.700000000 -5.222140 12.933824 87.086321 -0.064348 0.012046 0.041933 0.996973
115.000000000 -5.251062 12.871247 86.873013 -0.063066 0.012719 0.041686 0.997057
115.800000000 -5.353339 12.907553 86.321180 -0.064857 0.013725 0.040599 0.996974
115.900000000 -5.368927 12.963064 86.288432 -0.065440 0.014232 0.040473 0.996934
116.100000000 -5.402849 12.973289 86.134622 -0.067513 0.014179 0.040224 0.996806
116.200000000 -5.420852 12.999306 86.074436 -0.067513 0.014556 0.040067 0.996807
116.300000000 -5.438996 13.023357 86.030082 -0.067729 0.014705 0.039928 0.996796
116.700000000 -5.520557 12.914711 85.684217 -0.067583 0.014238 0.039121 0.996845
116.800000000 -5.541984 12.913047 85.638619 -0.067438 0.014862 0.039017 0.996849
117.000000000 -5.596667 12.899354 85.467103 -0.068268 0.013182 0.039180 0.996810
117.300000000 -5.672446 12.720030 85.203862 -0.066822 0.014485 0.038319 0.996924
117.500000000 -5.734400 12.642514 85.026971 -0.066494 0.014761 0.037913 0.996957
117.700000000 -5.812221 12.727895 84.915842 -0.068269 0.014826 0.037252 0.996861
118.100000000 -5.965143 12.475553 84.515010 -0.067772 0.014921 0.036459 0.996923
118.300000000 -6.042926 12.248286 84.295116 -0.066343 0.014663 0.036121 0.997035
118.400000000 -6.085074 12.162144 84.205160 -0.065677 0.014799 0.035848 0.997087
118.800000000 -6.272831 11.962320 83.818756 -0.066301 0.014597 0.034860 0.997084
118.900000000 -6.319942 11.903640 83.729524 -0.065888 0.014784 0.034764 0.997112
119.000000000 -6.367759 11.834641 83.636561 -0.065617 0.015100 0.034543 0.997132
119.100000000 -6.418067 11.789990 83.530815 -0.065718 0.014893 0.034337 0.997136
119.300000000 -6.520534 11.675676 83.308221 -0.064901 0.014572 0.033756 0.997214
119.500000000 -6.621961 11.582619 83.145179 -0.065849 0.014294 0.033307 0.997171
119.700000000 -6.724332 11.466115 82.930549 -0.065386 0.014180 0.032755 0.997221
119.800000000 -6.774278 11.384013 82.840342 -0.064792 0.014128 0.032571 0.997267
119.900000000 -6.822635 11.299477 82.773604 -0.064535 0.014125 0.032332 0.997291
120.100000000 -6.930597 11.227650 82.486216 -0.064584 0.014071 0.031653 0.997311
120.800000000 -7.277680 10.856475 81.847856 -0.065810 0.013701 0.029849 0.997292
121.100000000 -7.419020 10.692486 81.519484 -0.065334 0.013622 0.029099 0.997346
121.400000000 -7.551612 10.540297 81.174804 -0.065293 0.013460 0.028676 0.997363
121.500000000 -7.594120 10.482509 81.049357 -0.065006 0.013746 0.028429 0.997385
121.700000000 -7.674502 10.372149 80.836757 -0.064356 0.013581 0.028209 0.997436
122.000000000 -7.795905 10.261136 80.453336 -0.064815 0.013977 0.027406 0.997423
123.200000000 -8.140021 9.799141 79.104504 -0.065601 0.014180 0.026408 0.997396
123.300000000 -8.149397 9.738047 79.090189 -0.065676 0.014342 0.026502 0.997386
123.500000000 -8.173843 9.673343 78.879274 -0.065743 0.014697 0.026426 0.997378
123.600000000 -8.180074 9.630482 78.803358 -0.065863 0.014648 0.026473 0.997370
123.700000000 -8.188073 9.618262 78.631073 -0.065735 0.015159 0.026427 0.997372
123.800000000 -8.188582 9.576334 78.556766 -0.065565 0.014930 0.026520 0.997384
123.900000000 -8.190001 9.559206 78.420174 -0.065844 0.015108 0.026447 0.997365
124.200000000 -8.168932 9.477864 78.060107 -0.065509 0.014826 0.026617 0.997387
124.300000000 -8.156912 9.460936 77.930764 -0.065618 0.014995 0.026661 0.997376
124.800000000 -8.041710 9.380178 77.259863 -0.066243 0.014464 0.026886 0.997336
124.900000000 -8.013984 9.404846 76.997246 -0.065228 0.015030 0.026957 0.997393
125.000000000 -7.979907 9.405007 76.814478 -0.064972 0.015142 0.026918 0.997409
125.100000000 -7.933025 9.373811 76.754177 -0.065476 0.015024 0.027108 0.997373
125.800000000 -7.531482 9.272799 76.019958 -0.065883 0.015055 0.027820 0.997326
125.900000000 -7.466517 9.282281 75.857113 -0.065452 0.014810 0.027719 0.997361
126.100000000 -7.321892 9.279718 75.573848 -0.066317 0.014683 0.028070 0.997296
126.200000000 -7.247646 9.288692 75.405703 -0.066148 0.014980 0.028199 0.997299
127.200000000 -6.392022 9.321924 74.046723 -0.065913 0.014578 0.029297 0.997289
127.400000000 -6.204413 9.325026 73.813070 -0.066098 0.014606 0.029613 0.997267
127.800000000 -5.828847 9.355278 73.254076 -0.065692 0.014710 0.030323 0.997271
127.900000000 -5.733798 9.360757 73.132641 -0.065523 0.015167 0.030478 0.997270
128.400000000 -5.272719 9.411004 72.408384 -0.065347 0.014615 0.030957 0.997275
128.600000000 -5.092560 9.437382 72.096534 -0.065881 0.014360 0.031420 0.997229
128.700000000 -5.002999 9.422436 72.051024 -0.065995 0.014404 0.031321 0.997224
129.200000000 -4.574893 9.450047 71.404218 -0.065787 0.014173 0.032305 0.997210
129.700000000 -4.189975 9.482558 70.705415 -0.065481 0.014353 0.033020 0.997204
129.800000000 -4.118429 9.487829 70.590851 -0.065794 0.014780 0.033147 0.997173
130.000000000 -3.982242 9.483407 70.364355 -0.065794 0.014918 0.033401 0.997162
130.100000000 -3.920235 9.513665 70.129877 -0.065902 0.014665 0.033580 0.997153
130.200000000 -3.860055 9.522844 69.965866 -0.065851 0.014407 0.033533 0.997162
130.300000000 -3.800385 9.524060 69.834505 -0.065717 0.014454 0.033534 0.997170
130.500000000 -3.685557 9.513631 69.626087 -0.065952 0.014863 0.033662 0.997144
130.600000000 -3.633541 9.512853 69.495440 -0.065984 0.014370 0.033681 0.997149
130.700000000 -3.582262 9.501197 69.410249 -0.065838 0.014449 0.033799 0.997153
131.000000000 -3.448166 9.508168 68.947703 -0.065813 0.014600 0.033934 0.997148
131.200000000 -3.367823 9.489273 68.769623 -0.066504 0.014775 0.034274 0.997088
131.300000000 -3.334245 9.491950 68.599942 -0.066480 0.014837 0.034212 0.997091
131.500000000 -3.272046 9.481593 68.327271 -0.066344 0.015285 0.034270 0.997091
131.800000000 -3.199349 9.475373 67.870876 -0.065902 0.015001 0.034499 0.997117
131.900000000 -3.180887 9.509936 67.847228 -0.068359 0.014730 0.034532 0.996954
132.500000000 -3.118438 9.428438 66.938051 -0.067012 0.014516 0.034557 0.997048
132.700000000 -3.118875 9.399926 66.580169 -0.066068 0.014577 0.034556 0.997110
133.200000000 -3.160645 9.368480 65.783744 -0.066910 0.015072 0.034468 0.997050
133.500000000 -3.208586 9.274338 65.366866 -0.064757 0.014949 0.034310 0.997199
133.700000000 -3.253939 9.272943 65.027043 -0.066038 0.014774 0.034262 0.997119
133.900000000 -3.300636 9.209912 64.864944 -0.065925 0.015246 0.034267 0.997119
134.000000000 -3.328168 9.182315 64.738142 -0.065807 0.015266 0.034233 0.997128
134.300000000 -3.422802 9.096937 64.337572 -0.065442 0.015451 0.033911 0.997160
134.400000000 -3.459248 9.074261 64.157412 -0.065010 0.015578 0.033754 0.997192
134.500000000 -3.493904 9.049923 64.054446 -0.065570 0.015187 0.033755 0.997161
134.600000000 -3.530176 9.007957 63.924008 -0.064880 0.015099 0.033733 0.997208
134.700000000 -3.569807 8.993571 63.742683 -0.064782 0.015124 0.033648 0.997217
134.800000000 -3.610959 8.982141 63.589089 -0.065131 0.015063 0.033541 0.997199
135.200000000 -3.782668 8.897335 63.041184 -0.066226 0.014355 0.033115 0.997152
136.100000000 -4.216698 8.612068 61.805014 -0.065122 0.014808 0.032774 0.997229
136.200000000 -4.271081 8.591340 61.658128 -0.065539 0.014979 0.032604 0.997205
136.400000000 -4.381656 8.505683 61.397429 -0.064081 0.015756 0.032636 0.997286
136.500000000 -4.439276 8.469315 61.280588 -0.064649 0.015089 0.032483 0.997265
137.000000000 -4.759044 8.350647 60.599795 -0.066795 0.014808 0.031809 0.997150
137.200000000 -4.897154 8.261446 60.340601 -0.065778 0.014970 0.031676 0.997219
137.300000000 -4.970407 8.227999 60.199543 -0.065954 0.014677 0.031704 0.997211
137.500000000 -5.121977 8.164787 59.915286 -0.065573 0.014970 0.031280 0.997245
138.100000000 -5.596633 7.957384 59.106800 -0.064973 0.014896 0.030910 0.997297
138.200000000 -5.673926 7.898399 59.089860 -0.065088 0.014367 0.030868 0.997299
138.500000000 -5.916549 7.776789 58.851983 -0.065761 0.014119 0.030670 0.997264
138.800000000 -6.161012 7.672209 58.475682 -0.066074 0.014304 0.030853 0.997235
139.000000000 -6.334386 7.644346 58.073135 -0.066615 0.014244 0.030359 0.997215
139.100000000 -6.417715 7.628274 57.871318 -0.066630 0.013776 0.030500 0.997216
139.300000000 -6.573311 7.532459 57.734411 -0.066148 0.014014 0.030479 0.997246
139.400000000 -6.648722 7.472582 57.707307 -0.065249 0.014265 0.030380 0.997304
139.500000000 -6.725287 7.417114 57.634884 -0.064468 0.014209 0.030368 0.997356
139.600000000 -6.800589 7.373071 57.606635 -0.065456 0.014504 0.030283 0.997290
139.900000000 -7.035910 7.327399 57.030345 -0.066526 0.014186 0.030351 0.997222
140.000000000 -7.105960 7.282148 56.989442 -0.066543 0.014304 0.030334 0.997220
140.100000000 -7.175720 7.231415 56.931139 -0.066212 0.013965 0.030320 0.997247
140.400000000 -7.390081 7.186618 56.321530 -0.065842 0.014607 0.030355 0.997261
141.500000000 -8.013965 6.882145 54.999591 -0.066837 0.014459 0.030310 0.997199
141.700000000 -8.112756 6.888087 54.474128 -0.067067 0.014751 0.030293 0.997179
141.800000000 -8.147332 6.833539 54.492126 -0.067650 0.014364 0.030393 0.997143
141.900000000 -8.181899 6.783896 54.431652 -0.067184 0.014339 0.030494 0.997171
142.100000000 -8.262005 6.774598 53.920242 -0.065536 0.014731 0.030537 0.997274
142.200000000 -8.293860 6.745366 53.790215 -0.065613 0.014420 0.030625 0.997271
142.400000000 -8.343828 6.675583 53.727410 -0.066010 0.014388 0.030741 0.997241
142.500000000 -8.376302 6.672223 53.441085 -0.065042 0.014558 0.030640 0.997306
142.600000000 -8.405159 6.668849 53.173671 -0.064559 0.014398 0.030678 0.997338
142.700000000 -8.421765 6.639302 53.146866 -0.065301 0.014362 0.030810 0.997286
142.800000000 -8.436302 6.605052 53.139026 -0.066220 0.014429 0.030844 0.997224
143.000000000 -8.478070 6.600213 52.676897 -0.065468 0.014648 0.030723 0.997274
143.100000000 -8.487518 6.570859 52.597321 -0.065714 0.014462 0.030872 0.997256
143.400000000 -8.519459 6.541432 52.080225 -0.065801 0.014588 0.030877 0.997248
143.600000000 -8.520075 6.482138 51.945067 -0.065898 0.014284 0.031043 0.997241
143.700000000 -8.519312 6.463318 51.840618 -0.066151 0.014397 0.031083 0.997221
144.000000000 -8.513122 6.429295 51.379782 -0.066250 0.014424 0.031165 0.997212
144.200000000 -8.501422 6.415512 51.027454 -0.066259 0.014591 0.031235 0.997207
144.300000000 -8.490439 6.404652 50.912114 -0.066274 0.014331 0.031352 0.997206
144.600000000 -8.448926 6.344119 50.519726 -0.065929 0.014375 0.031401 0.997226
144.800000000 -8.415511 6.319313 50.191745 -0.065672 0.014022 0.031577 0.997243
144.900000000 -8.399653 6.318493 50.001541 -0.065189 0.014233 0.031503 0.997274
145.200000000 -8.334158 6.281546 49.576874 -0.065344 0.014219 0.031670 0.997259
145.700000000 -8.204286 6.227752 48.795949 -0.063549 0.014454 0.031897 0.997364
145.800000000 -8.177089 6.216492 48.599216 -0.063042 0.014397 0.031944 0.997396
145.900000000 -8.144742 6.198346 48.529919 -0.063809 0.014190 0.032014 0.997348
146.300000000 -8.004191 6.112573 48.365040 -0.067586 0.014742 0.032141 0.997087
146.400000000 -7.981919 6.141071 47.920672 -0.065328 0.014734 0.032197 0.997235
146.800000000 -7.842976 6.065963 47.390526 -0.064769 0.014756 0.032293 0.997268
147.000000000 -7.780846 6.082628 46.915964 -0.063287 0.015372 0.032241 0.997356
147.200000000 -7.717526 6.094292 46.429199 -0.062412 0.014802 0.032475 0.997412
147.600000000 -7.569106 5.995207 46.169573 -0.065590 0.015064 0.032338 0.997209
147.700000000 -7.538530 6.005248 45.916669 -0.064865 0.014646 0.032427 0.997259
147.900000000 -7.474487 6.004814 45.472487 -0.063304 0.014967 0.032471 0.997354
148.000000000 -7.447053 6.028446 45.146921 -0.061476 0.014893 0.032437 0.997470
148.200000000 -7.370437 5.945944 45.026165 -0.061665 0.015129 0.032473 0.997454
148.700000000 -7.181811 5.849164 44.517329 -0.064156 0.015328 0.032353 0.997298
149.100000000 -7.017703 5.802643 43.917975 -0.064515 0.015206 0.032559 0.997270
149.200000000 -6.975526 5.801729 43.710386 -0.064146 0.015104 0.032582 0.997294
149.300000000 -6.938314 5.839143 43.346528 -0.061896 0.015132 0.032525 0.997438
149.700000000 -6.740950 5.769959 42.807122 -0.062177 0.014869 0.032521 0.997424
149.900000000 -6.629163 5.706549 42.707067 -0.063734 0.015023 0.032298 0.997331
150.000000000 -6.573623 5.702461 42.546682 -0.063790 0.015368 0.032398 0.997319
150.700000000 -6.154106 5.594873 41.535767 -0.063946 0.014565 0.032426 0.997320
150.800000000 -6.092753 5.591348 41.334867 -0.062144 0.015074 0.032277 0.997431
151.200000000 -5.834153 5.484227 40.984836 -0.064570 0.015205 0.031981 0.997285
151.400000000 -5.704670 5.433660 40.748876 -0.064306 0.014604 0.031971 0.997311
151.800000000 -5.450583 5.379511 40.169473 -0.065600 0.014998 0.031837 0.997225
151.900000000 -5.388164 5.365769 40.006164 -0.064710 0.015132 0.031762 0.997284
152.000000000 -5.327714 5.372900 39.762415 -0.063246 0.015134 0.031826 0.997376
152.500000000 -5.024728 5.263533 39.141502 -0.063687 0.014832 0.031749 0.997354
152.700000000 -4.909163 5.199166 38.969753 -0.065713 0.014302 0.031551 0.997237
152.800000000 -4.852830 5.178059 38.840465 -0.065751 0.014695 0.031652 0.997226
152.900000000 -4.797858 5.131564 38.808923 -0.066607 0.014224 0.031375 0.997184
153.100000000 -4.694868 5.130537 38.397745 -0.065417 0.014462 0.031252 0.997264
153.200000000 -4.644544 5.125926 38.198958 -0.064923 0.014699 0.031386 0.997288
153.700000000 -4.410149 4.982529 37.680055 -0.065409 0.015521 0.031026 0.997255
153.800000000 -4.369457 4.964081 37.523529 -0.065105 0.014985 0.030883 0.997288
154.100000000 -4.253784 4.927418 37.041955 -0.066535 0.015573 0.031200 0.997175
154.200000000 -4.219908 4.928073 36.823838 -0.066031 0.015212 0.031129 0.997216
154.300000000 -4.185512 4.896100 36.723685 -0.066414 0.014885 0.031149 0.997195
155.200000000 -3.959879 4.637751 35.718806 -0.066395 0.014021 0.030720 0.997222
155.400000000 -3.928773 4.621017 35.337474 -0.066984 0.013701 0.030989 0.997179
155.700000000 -3.894659 4.456725 35.300302 -0.067024 0.013756 0.030713 0.997184
155.800000000 -3.887968 4.441085 35.145382 -0.066662 0.013784 0.030557 0.997212
156.200000000 -3.874330 4.224224 35.105082 -0.068159 0.014434 0.029905 0.997122
156.300000000 -3.875702 4.196946 34.994532 -0.068126 0.014580 0.029819 0.997124
157.000000000 -3.922738 3.965594 34.344833 -0.072722 0.014012 0.030248 0.996795
157.100000000 -3.935587 3.896708 34.411180 -0.074523 0.014736 0.029875 0.996663
157.300000000 -3.964786 3.790861 34.367190 -0.074006 0.014519 0.029831 0.996706
157.400000000 -3.981846 3.712928 34.465137 -0.075506 0.015168 0.029473 0.996594
157.900000000 -4.083246 3.345761 34.595239 -0.066723 0.016326 0.028504 0.997231
158.000000000 -4.106182 3.277265 34.654335 -0.068340 0.016280 0.028609 0.997119
158.200000000 -4.155574 3.122597 34.826960 -0.070070 0.017063 0.028067 0.997001
158.600000000 -4.265023 3.074253 34.105933 -0.068412 0.016749 0.028105 0.997121
158.700000000 -4.293461 3.030140 34.067554 -0.069646 0.016809 0.028105 0.997034
159.100000000 -4.415244 3.008005 33.284421 -0.068321 0.016890 0.027847 0.997132
159.300000000 -4.477517 2.967306 32.986127 -0.068231 0.016978 0.027971 0.997133
159.800000000 -4.639039 2.831214 32.393134 -0.067086 0.017586 0.027658 0.997209
159.900000000 -4.672788 2.799251 32.267642 -0.067190 0.017392 0.027626 0.997206
160.200000000 -4.770158 2.722491 31.979245 -0.069681 0.017439 0.027617 0.997034
160.400000000 -4.835558 2.699185 31.592367 -0.068595 0.017750 0.027474 0.997108
160.500000000 -4.866807 2.651168 31.545701 -0.069280 0.017479 0.027620 0.997062
160.800000000 -4.961938 2.604868 31.166744 -0.070866 0.018074 0.027392 0.996946
160.900000000 -4.992422 2.571546 31.018163 -0.070422 0.018311 0.027461 0.996971
161.100000000 -5.053366 2.550696 30.756176 -0.070223 0.018413 0.027293 0.996988
162.000000000 -5.300389 2.392236 29.378349 -0.069597 0.018765 0.027267 0.997026
162.200000000 -5.346815 2.320747 29.146768 -0.069463 0.018609 0.027402 0.997034
162.400000000 -5.391213 2.283568 28.936469 -0.070505 0.018279 0.027411 0.996967
162.900000000 -5.485649 2.223861 28.170908 -0.070622 0.018418 0.027638 0.996950
163.100000000 -5.517831 2.122049 28.058915 -0.070434 0.018056 0.027718 0.996968
163.300000000 -5.547268 2.096200 27.642220 -0.069643 0.017800 0.027749 0.997027
163.500000000 -5.572344 2.053419 27.455915 -0.070720 0.017984 0.027721 0.996949
163.600000000 -5.583399 2.017063 27.324969 -0.070071 0.017895 0.027747 0.996995
163.700000000 -5.594055 1.998419 27.189234 -0.069411 0.017674 0.027804 0.997044
163.900000000 -5.612812 1.936378 26.826011 -0.067286 0.017444 0.027870 0.997192
164.600000000 -5.647943 1.826845 26.044355 -0.071701 0.017272 0.027845 0.996888
164.700000000 -5.650725 1.805459 25.911620 -0.071193 0.017247 0.027794 0.996926
165.100000000 -5.647787 1.722937 25.363392 -0.071225 0.017296 0.027924 0.996919
165.300000000 -5.643469 1.683136 25.042878 -0.070318 0.017266 0.027867 0.996986
165.400000000 -5.639532 1.671206 24.884292 -0.069999 0.017317 0.027879 0.997007
165.500000000 -5.635266 1.669148 24.525237 -0.068709 0.017434 0.027952 0.997093
165.600000000 -5.630428 1.645177 24.534786 -0.070105 0.017226 0.027925 0.997000
165.800000000 -5.619055 1.580442 24.430860 -0.070277 0.017148 0.027811 0.996992
166.000000000 -5.602680 1.608805 23.662474 -0.068920 0.017533 0.028015 0.997075
166.200000000 -5.586001 1.574845 23.296282 -0.066665 0.017192 0.028118 0.997231
166.700000000 -5.535200 1.479787 22.514161 -0.065812 0.017160 0.028097 0.997289
166.900000000 -5.513620 1.402926 22.525158 -0.066704 0.017001 0.027863 0.997239
167.000000000 -5.501434 1.393086 22.450630 -0.067753 0.016997 0.027824 0.997169
167.200000000 -5.475405 1.366349 21.959214 -0.065059 0.016875 0.027929 0.997348
167.500000000 -5.427771 1.385412 21.136969 -0.066845 0.016745 0.028606 0.997213
167.900000000 -5.369355 1.317131 20.523352 -0.067451 0.016842 0.028610 0.997170
168.000000000 -5.355022 1.325915 20.274862 -0.065843 0.016835 0.028607 0.997278
168.100000000 -5.339470 1.325561 19.954613 -0.064320 0.016772 0.028682 0.997376
168.200000000 -5.323946 1.321920 19.737571 -0.063121 0.016661 0.028761 0.997452
168.500000000 -5.280155 1.210037 19.490038 -0.061808 0.016630 0.028648 0.997538
168.700000000 -5.249278 1.211703 19.032579 -0.061879 0.017257 0.028620 0.997524
169.200000000 -5.176835 1.054718 18.698801 -0.065116 0.017098 0.028471 0.997325
169.400000000 -5.147600 1.012527 18.389988 -0.063470 0.017235 0.028540 0.997427
169.800000000 -5.092856 0.912465 17.974972 -0.064948 0.017124 0.028502 0.997335
169.900000000 -5.080803 0.913286 17.815805 -0.064534 0.017383 0.028371 0.997361
170.000000000 -5.066293 0.944887 17.390164 -0.064639 0.017547 0.028543 0.997346
170.100000000 -5.054231 0.948585 17.111480 -0.063915 0.017360 0.028563 0.997395
170.200000000 -5.042535 0.946764 16.895139 -0.063112 0.017404 0.028551 0.997446
170.300000000 -5.030738 0.929778 16.679287 -0.062360 0.017535 0.028571 0.997491
170.800000000 -4.975369 0.750843 16.361999 -0.064912 0.017582 0.028575 0.997327
170.900000000 -4.967448 0.723671 16.306122 -0.065142 0.017561 0.028385 0.997318
171.100000000 -4.950091 0.602600 16.467577 -0.066874 0.017544 0.028160 0.997210
171.700000000 -4.908036 0.426524 15.903418 -0.068028 0.017578 0.027794 0.997141
172.400000000 -4.874281 0.319544 14.616389 -0.065284 0.017918 0.027966 0.997314
173.300000000 -4.865914 0.150453 13.276120 -0.065808 0.018262 0.027792 0.997278
173.400000000 -4.867164 0.133345 13.171736 -0.065450 0.018048 0.027768 0.997306
173.500000000 -4.869037 0.113755 13.072412 -0.065044 0.017977 0.027685 0.997336
173.700000000 -4.872563 0.078305 12.717729 -0.064044 0.018185 0.027727 0.997396
173.800000000 -4.875636 0.064426 12.505750 -0.064255 0.018258 0.027730 0.997381
174.000000000 -4.881828 0.035059 12.248218 -0.063665 0.018081 0.027714 0.997423
174.200000000 -4.890050 0.005312 11.853146 -0.062629 0.018343 0.027732 0.997483
174.300000000 -4.893955 -0.007594 11.732630 -0.063635 0.018283 0.027761 0.997420
174.500000000 -4.902107 -0.076481 11.614105 -0.064059 0.018108 0.027669 0.997398
174.700000000 -4.914963 -0.119780 11.244242 -0.062860 0.018083 0.027627 0.997476
175.100000000 -4.937825 -0.202517 10.751038 -0.064562 0.018059 0.027675 0.997366
175.200000000 -4.943240 -0.245530 10.729506 -0.064491 0.017895 0.027627 0.997375
175.400000000 -4.956222 -0.323865 10.569519 -0.063811 0.017738 0.027566 0.997423
175.500000000 -4.964365 -0.338158 10.399644 -0.064003 0.017858 0.027551 0.997409
176.000000000 -5.000788 -0.442405 9.812461 -0.064220 0.017590 0.027700 0.997396
176.100000000 -5.010012 -0.485763 9.719497 -0.064277 0.017586 0.027588 0.997396
176.200000000 -5.017358 -0.515194 9.634525 -0.064468 0.017603 0.027609 0.997382
177.300000000 -5.098559 -1.004077 9.329405 -0.065767 0.016631 0.027350 0.997321
177.500000000 -5.113660 -1.131281 9.373430 -0.065350 0.016603 0.027134 0.997355
177.700000000 -5.132892 -1.294934 9.306350 -0.063949 0.016369 0.026994 0.997454
177.800000000 -5.138263 -1.311747 9.367704 -0.065072 0.016279 0.026975 0.997383
178.600000000 -5.194551 -1.805638 9.568147 -0.065225 0.015463 0.026648 0.997395
179.100000000 -5.228930 -2.153918 9.777861 -0.065155 0.014505 0.026293 0.997423
179.700000000 -5.269175 -2.668758 10.048843 -0.061977 0.013208 0.025855 0.997655
180.000000000 -5.318917 -2.997916 9.034455 -0.053719 0.013552 0.025393 0.998141
180.600000000 -5.383866 -3.290548 7.767189 -0.044728 0.013330 0.025197 0.998592
180.900000000 -5.402120 -3.481462 7.680648 -0.042653 0.012789 0.024931 0.998697
181.000000000 -5.407920 -3.536527 7.643121 -0.042022 0.012439 0.024837 0.998730
181.400000000 -5.423957 -3.719938 7.511505 -0.041140 0.011705 0.024843 0.998776
181.600000000 -5.432135 -3.804413 7.414770 -0.041009 0.011435 0.024780 0.998786
181.700000000 -5.437148 -3.858866 7.391155 -0.040348 0.011176 0.024589 0.998821
182.200000000 -5.450627 -4.056550 7.235914 -0.040535 0.010713 0.024482 0.998821
182.500000000 -5.462764 -4.092222 6.758172 -0.040668 0.010466 0.024579 0.998816
182.700000000 -5.468838 -4.139245 6.583983 -0.041324 0.010693 0.024441 0.998790
182.800000000 -5.473506 -4.167963 6.444632 -0.040387 0.010628 0.024329 0.998831
183.000000000 -5.476699 -4.213147 6.276150 -0.040099 0.010478 0.024341 0.998844
183.400000000 -5.487645 -4.265569 5.663728 -0.039596 0.010408 0.024331 0.998865
183.800000000 -5.495729 -4.290326 5.056985 -0.041083 0.010723 0.024386 0.998801
184.300000000 -5.501655 -4.344388 4.342154 -0.040696 0.010852 0.024433 0.998814
184.600000000 -5.503210 -4.372166 3.960331 -0.040850 0.010541 0.024426 0.998811
185.100000000 -5.508611 -4.376644 3.103622 -0.042418 0.010880 0.024564 0.998739
185.300000000 -5.512143 -4.376658 2.675271 -0.040778 0.010961 0.024651 0.998804
185.500000000 -5.511274 -4.425499 2.484421 -0.040855 0.010809 0.024614 0.998803
185.600000000 -5.508245 -4.459104 2.500350 -0.041485 0.010750 0.024543 0.998780
185.800000000 -5.504398 -4.544357 2.437705 -0.042459 0.010832 0.024488 0.998739
185.900000000 -5.503510 -4.558846 2.350838 -0.042542 0.010788 0.024446 0.998737
186.000000000 -5.507639 -4.583195 2.092029 -0.041306 0.010712 0.024467 0.998789
186.100000000 -5.508449 -4.581711 1.960063 -0.041512 0.010795 0.024433 0.998781
186.300000000 -5.500268 -4.627831 1.968709 -0.043692 0.010709 0.024508 0.998687
186.700000000 -5.505805 -4.599586 1.297240 -0.045037 0.010911 0.024547 0.998624
186.800000000 -5.505286 -4.630355 1.196923 -0.044729 0.011041 0.024597 0.998635
186.900000000 -5.502703 -4.684061 1.171416 -0.044450 0.011013 0.024659 0.998647
187.000000000 -5.502633 -4.732936 1.092317 -0.043924 0.010790 0.024615 0.998673
187.200000000 -5.512089 -4.649200 0.562794 -0.045328 0.011009 0.024634 0.998608
187.400000000 -5.511963 -4.603493 0.314290 -0.048560 0.011087 0.024778 0.998451
187.500000000 -5.489870 -4.513748 0.802066 -0.055518 0.011033 0.024934 0.998085
188.100000000 -5.434507 -4.757106 2.093395 -0.074771 0.016844 0.008337 0.997024
188.300000000 -5.442780 -5.383840 2.030411 -0.051402 0.017859 0.007040 0.998494
188.500000000 -5.447586 -6.054714 2.166031 -0.031864 0.018512 0.006716 0.999298
188.600000000 -5.441537 -6.093164 2.324127 -0.033192 0.019229 0.006901 0.999240
189.000000000 -5.420213 -6.421944 2.922896 -0.030084 0.021132 0.007556 0.999295
189.300000000 -5.401189 -6.773804 3.530797 -0.024277 0.020362 0.008316 0.999463
189.600000000 -5.372457 -7.141764 4.738306 -0.024596 0.017812 0.009097 0.999497
189.700000000 -5.359157 -7.246399 5.407912 -0.027968 0.018658 0.009577 0.999389
190.000000000 -5.301817 -7.780878 7.797362 -0.043873 0.017402 0.010706 0.998828
190.100000000 -5.296839 -7.763417 7.818971 -0.044934 0.018005 0.011548 0.998761
190.300000000 -5.290029 -7.707231 7.873229 -0.045293 0.020094 0.013243 0.998684
190.600000000 -5.274557 -7.640130 7.998218 -0.045306 0.017758 0.014517 0.998710
190.900000000 -5.256000 -7.540909 8.067680 -0.046719 0.017635 0.015636 0.998630
191.100000000 -5.252251 -7.476784 8.070415 -0.047188 0.016651 0.015476 0.998627
191.600000000 -5.234346 -7.218299 8.171893 -0.048082 0.015765 0.015608 0.998597
191.700000000 -5.228654 -7.162101 8.166387 -0.049024 0.014597 0.015470 0.998571
191.800000000 -5.219757 -7.135236 8.261223 -0.050316 0.013641 0.015498 0.998520
192.500000000 -5.191430 -6.700130 8.334022 -0.048717 0.010869 0.015625 0.998631
192.800000000 -5.179322 -6.523730 8.256324 -0.046651 0.010926 0.016039 0.998723
192.900000000 -5.178457 -6.509042 8.703851 -0.049902 0.011763 0.016159 0.998554
193.000000000 -5.169964 -6.306401 8.111130 -0.049313 0.016320 0.017938 0.998489
193.100000000 -5.225915 -5.813171 6.339533 -0.034354 0.019815 0.018503 0.999042
193.200000000 -5.231780 -5.627322 5.729915 -0.031196 0.017000 0.018242 0.999202
193.300000000 -5.201109 -5.549587 5.917761 -0.033338 0.015006 0.018537 0.999160
193.400000000 -5.216548 -5.563141 6.401182 -0.035771 0.015252 0.018268 0.999077
194.000000000 -5.158251 -5.796567 9.328575 -0.048037 0.013666 0.020871 0.998534
194.100000000 -5.153704 -5.729939 9.311888 -0.047729 0.011846 0.021075 0.998568
194.500000000 -5.126013 -5.575669 10.038358 -0.050416 0.006143 0.022455 0.998457
194.600000000 -5.147036 -5.508889 10.157489 -0.051645 0.008953 0.022986 0.998361
195.000000000 -5.137411 -5.207850 10.263146 -0.051821 0.005192 0.024457 0.998343
195.200000000 -5.150310 -5.051032 10.239577 -0.050072 0.005938 0.025168 0.998411
195.300000000 -5.155958 -4.973983 10.233412 -0.049834 0.005646 0.025411 0.998418
195.500000000 -5.153561 -4.827419 10.210453 -0.051082 0.004690 0.026273 0.998338
195.600000000 -5.171166 -4.751936 10.235237 -0.051154 0.006509 0.026471 0.998319
195.900000000 -5.173045 -4.539705 10.317128 -0.051772 0.004973 0.027047 0.998280
196.000000000 -5.176346 -4.485463 10.316374 -0.050576 0.005300 0.027324 0.998332
196.200000000 -5.179179 -4.323381 10.280414 -0.047654 0.004955 0.027704 0.998467
196.600000000 -5.173670 -4.257528 10.845739 -0.046178 0.000552 0.027469 0.998555
196.700000000 -5.173581 -4.270202 11.103940 -0.047845 -0.000195 0.027468 0.998477
196.900000000 -5.185282 -4.263124 11.580768 -0.050851 0.000539 0.027536 0.998326
197.000000000 -5.187624 -4.246024 11.758399 -0.051405 0.000483 0.027569 0.998297
197.100000000 -5.191578 -4.213420 11.892165 -0.051934 0.000571 0.027496 0.998272
197.300000000 -5.200470 -4.113382 11.926864 -0.050915 0.001131 0.027475 0.998324
197.400000000 -5.202786 -4.063404 11.907380 -0.050025 0.000735 0.027425 0.998371
197.600000000 -5.206581 -3.956059 11.805467 -0.048463 -0.000068 0.027307 0.998452
