9.000000000 0.000000 -0.000000 0.000000 0.000000 0.000000 -0.000000 1.000000
9.200000000 0.011989 0.080939 -0.217086 -0.000140 0.000046 -0.002177 0.999998
9.300000000 0.003707 -0.288257 0.765780 0.000201 -0.002234 -0.001764 0.999996
9.700000000 -0.038800 -1.272156 3.170080 0.001630 -0.001368 -0.000332 0.999998
9.800000000 -0.031211 -1.277620 3.173216 0.002094 -0.001857 -0.001984 0.999994
9.900000000 -0.029699 -1.275657 3.175215 0.001929 -0.001894 -0.002265 0.999994
10.000000000 -0.031454 -1.269370 3.171369 0.001675 -0.001625 -0.001901 0.999995
10.800000000 -0.037203 -1.316859 3.319349 0.005601 -0.001355 -0.000827 0.999983
11.000000000 -0.033743 -1.381860 3.455536 0.005895 -0.003123 -0.002258 0.999975
11.300000000 -0.037505 -1.323151 3.323306 0.005671 -0.002822 -0.000854 0.999980
11.400000000 -0.044480 -1.285349 3.217122 0.001897 -0.003625 0.000674 0.999991
11.600000000 -0.034548 -1.392790 3.469141 0.004942 -0.003650 -0.002206 0.999979
11.800000000 -0.033685 -1.310704 3.327207 0.003947 -0.003513 -0.001981 0.999984
11.900000000 -0.026161 -1.284625 3.213567 0.000833 -0.003701 -0.003187 0.999988
12.000000000 -0.020735 -1.214016 3.042293 0.000655 -0.003817 -0.004087 0.999984
12.200000000 -0.024061 -1.254537 3.110254 0.002007 -0.002118 -0.003275 0.999990
12.400000000 -0.023929 -1.145809 2.854925 0.004928 -0.002258 -0.002804 0.999981
12.600000000 -0.024587 -1.087861 2.742487 0.004601 -0.002274 -0.002453 0.999984
12.900000000 -0.025517 -1.237796 3.022791 0.000187 -0.003606 -0.002715 0.999990
13.000000000 -0.029292 -1.291515 3.272864 0.004388 -0.002506 -0.002609 0.999984
13.300000000 -0.032482 -1.280187 3.177758 0.001432 -0.001483 -0.001738 0.999996
13.600000000 -0.030108 -1.211480 2.979749 0.002250 -0.001963 -0.001953 0.999994
13.700000000 -0.023999 -1.156870 2.858117 0.003478 -0.002370 -0.002705 0.999987
13.800000000 -0.019720 -1.115945 2.797889 0.005411 -0.002479 -0.003329 0.999977
13.900000000 -0.026901 -1.099938 2.745361 0.004759 -0.002299 -0.001980 0.999984
14.300000000 -0.023935 -1.063867 2.688913 0.004697 -0.002300 -0.002358 0.999984
14.500000000 -0.016200 -1.015942 2.583365 0.004584 -0.002353 -0.003542 0.999980
14.600000000 -0.033731 -1.148477 2.820019 0.006535 -0.002293 -0.000588 0.999976
14.900000000 -0.061512 -1.320212 3.335925 0.004622 -0.003933 0.009613 0.999935
15.200000000 -0.132682 -1.251205 3.257777 0.001281 -0.005081 0.031007 0.999505
15.300000000 -0.169746 -1.289067 3.348153 0.003179 -0.006671 0.031928 0.999463
15.500000000 -0.265371 -1.225023 3.181926 0.000345 -0.004973 0.032718 0.999452
15.600000000 -0.306466 -1.439438 3.684790 0.010407 -0.003915 0.027890 0.999549
15.800000000 -0.462042 -1.339567 3.555264 -0.007683 -0.003557 0.029307 0.999535
16.000000000 -0.616793 -1.385068 3.626544 0.000023 -0.005053 0.029468 0.999553
16.100000000 -0.711217 -1.635530 4.206390 0.011713 -0.005642 0.028613 0.999506
16.200000000 -0.804950 -1.507733 3.979395 0.002704 -0.004736 0.029799 0.999541
16.700000000 -1.337447 -1.337826 3.537694 0.007469 -0.004696 0.030721 0.999489
16.800000000 -1.451388 -1.382768 3.655544 0.003203 -0.005312 0.030126 0.999527
16.900000000 -1.578465 -1.321563 3.540117 0.003280 -0.004970 0.030302 0.999523
17.000000000 -1.694671 -1.216132 3.321559 0.001958 -0.004860 0.031009 0.999505
17.400000000 -2.229442 -1.132078 3.073061 0.000707 -0.005163 0.030508 0.999521
17.500000000 -2.361704 -1.178220 3.187665 0.000605 -0.005440 0.031061 0.999503
17.600000000 -2.512414 -1.181511 3.208328 0.000590 -0.003442 0.030729 0.999522
17.700000000 -2.651782 -1.200650 3.241065 0.001990 -0.005527 0.030254 0.999525
18.000000000 -3.094661 -1.203627 3.256538 0.004578 -0.004396 0.029634 0.999541
18.700000000 -4.133214 -1.203526 3.145785 0.004706 -0.039265 0.061497 0.997324
18.800000000 -4.279362 -1.218007 3.123151 0.003455 -0.040031 0.062750 0.997220
19.100000000 -4.631463 -1.378633 3.181102 0.004176 -0.032814 0.097694 0.994667
19.300000000 -4.898769 -1.563821 3.242200 0.008814 -0.031057 0.097494 0.994712
19.400000000 -5.115010 -1.627086 3.209739 0.002810 -0.032877 0.058879 0.997720
19.500000000 -5.251528 -1.885986 3.679085 0.002679 -0.031394 0.056411 0.997910
19.700000000 -5.436948 -2.039684 3.569572 -0.008993 -0.080328 0.084686 0.993124
20.200000000 -5.954578 -2.597871 3.384062 -0.000911 -0.026270 0.094877 0.995142
20.500000000 -6.363558 -2.762262 2.862241 0.004243 -0.027227 0.047976 0.998468
20.700000000 -6.533430 -2.990308 2.604851 0.002003 -0.023457 0.046423 0.998644
20.800000000 -6.619217 -3.106982 2.462428 0.002927 -0.022304 0.045775 0.998698
20.900000000 -6.704664 -3.253496 2.421343 0.009006 -0.021673 0.044868 0.998717
21.200000000 -6.770651 -3.804928 2.401369 0.003233 -0.017529 0.093761 0.995435
21.300000000 -6.831405 -3.941411 2.261936 0.002440 -0.016085 0.093930 0.995446
21.800000000 -7.247464 -4.729835 1.976313 -0.004617 -0.021044 0.034191 0.999183
22.300000000 -7.428677 -5.573063 1.524192 0.003975 -0.022358 0.030789 0.999268
22.400000000 -7.422795 -5.407527 0.636153 0.003281 -0.021143 0.031040 0.999289
22.600000000 -7.452179 -5.513671 -0.142791 0.003040 -0.018261 0.033687 0.999261
22.700000000 -7.455697 -5.653037 -0.352181 0.008226 -0.019005 0.032718 0.999250
22.900000000 -7.471554 -5.980723 -0.577364 0.001121 -0.019910 0.032035 0.999288
23.000000000 -7.461507 -6.049601 -0.828221 0.005332 -0.016721 0.031045 0.999364
23.300000000 -7.439144 -6.476382 -1.444237 -0.002348 -0.015935 0.028484 0.999464
23.500000000 -7.406072 -6.845010 -1.507431 0.003262 -0.010467 0.029834 0.999495
23.700000000 -7.363183 -7.239995 -1.607540 0.004377 -0.012994 0.027474 0.999528
24.300000000 -7.139427 -8.079072 -2.335387 0.001750 -0.012909 0.034872 0.999307
25.300000000 -6.628928 -9.424284 -3.597628 0.008887 0.009421 0.022877 0.999654
25.600000000 -6.465196 -9.830176 -3.722845 0.003026 0.010942 0.013123 0.999849
25.800000000 -6.298423 -9.918645 -4.362418 0.006729 0.007969 0.027054 0.999580
26.200000000 -6.036751 -10.171675 -5.113014 0.006222 0.006467 0.018008 0.999798
26.300000000 -5.970024 -10.254423 -5.214308 0.007516 0.010796 0.017482 0.999761
26.500000000 -5.830655 -10.362178 -5.500789 0.008949 0.006834 0.019641 0.999744
26.700000000 -5.691657 -10.620451 -5.410800 0.010069 0.006152 0.011327 0.999866
27.500000000 -5.152562 -11.178496 -5.437515 0.004747 0.012185 0.001873 0.999913
27.700000000 -4.994655 -11.162430 -5.680619 0.004920 0.008534 0.006887 0.999928
27.800000000 -4.941685 -11.243556 -5.596438 0.003713 0.010388 0.002089 0.999937
28.000000000 -4.789566 -11.417573 -5.236915 0.001470 0.008294 0.011508 0.999898
28.400000000 -4.532634 -11.460896 -5.345530 0.001525 0.004886 0.010872 0.999928
28.500000000 -4.463765 -11.414360 -5.665989 0.003939 0.003297 0.015179 0.999872
28.800000000 -4.293392 -11.358640 -5.853686 0.002666 0.002306 0.016727 0.999854
28.900000000 -4.258605 -11.338702 -5.826856 0.004049 0.004759 0.006580 0.999959
29.100000000 -4.153601 -11.440340 -5.563783 0.003925 0.005335 0.006878 0.999954
29.400000000 -4.018646 -11.404361 -5.566967 0.002012 0.004851 0.005141 0.999973
29.600000000 -3.935811 -11.414703 -5.249599 0.001506 0.006878 0.006356 0.999955
29.800000000 -3.853920 -11.378434 -5.241568 0.000783 0.007258 0.009115 0.999932
29.900000000 -3.818016 -11.349796 -5.243762 0.003411 0.004674 0.008769 0.999945
30.100000000 -3.714851 -11.296801 -5.117761 0.002322 0.000152 0.024194 0.999705
30.400000000 -3.654328 -11.198711 -5.061982 0.002073 0.000547 0.014259 0.999896
30.700000000 -3.580905 -11.194904 -4.820597 0.006210 -0.000453 0.012487 0.999903
30.800000000 -3.554757 -11.170475 -4.763232 0.007655 -0.002772 0.019217 0.999782
30.900000000 -3.537335 -11.128172 -4.705052 0.008214 -0.002304 0.019761 0.999768
31.000000000 -3.514108 -11.086931 -4.717203 0.005824 -0.002232 0.022981 0.999716
31.300000000 -3.476686 -10.977402 -4.385389 0.003938 -0.003358 0.027009 0.999622
31.400000000 -3.469822 -10.921561 -4.306334 0.003085 -0.003489 0.027385 0.999614
31.900000000 -3.470843 -10.659933 -3.968677 0.002060 -0.003677 0.022751 0.999732
32.300000000 -3.497988 -10.539203 -3.655237 0.001956 -0.005979 0.028019 0.999588
32.500000000 -3.518719 -10.515358 -3.242962 0.004454 -0.005699 0.029344 0.999543
32.600000000 -3.541237 -10.450347 -3.137850 0.004995 -0.007367 0.026903 0.999598
32.700000000 -3.542801 -10.368239 -3.163377 0.002789 -0.008690 0.039850 0.999164
32.900000000 -3.585481 -10.257993 -3.089314 0.003670 -0.008315 0.035431 0.999331
33.000000000 -3.607487 -10.117230 -3.216706 0.001247 -0.008198 0.029855 0.999520
33.400000000 -3.692389 -9.866712 -2.864559 0.004516 -0.006477 0.041741 0.999097
33.500000000 -3.731239 -9.950583 -2.552678 0.002501 -0.014888 0.037289 0.999190
33.600000000 -3.758185 -9.945977 -2.393129 0.004876 -0.013020 0.042692 0.998992
33.900000000 -3.535127 -9.788613 -1.955730 0.002854 0.041494 0.124873 0.991301
34.200000000 -3.628058 -9.602609 -1.763775 0.005984 0.037333 0.130395 0.990741
34.300000000 -3.651863 -9.546521 -1.624442 0.005494 0.041335 0.131563 0.990430
34.700000000 -3.625924 -10.302613 1.039485 -0.000333 -0.019956 0.175330 0.984307
35.000000000 -3.776435 -10.665141 2.608857 -0.004394 -0.047243 0.156801 0.986490
35.300000000 -3.928810 -10.693031 3.432530 -0.000478 -0.049286 0.144603 0.988261
35.400000000 -3.972735 -10.661301 3.537999 -0.003773 -0.047159 0.143970 0.988451
35.600000000 -4.012868 -11.600075 3.174127 -0.016446 -0.050039 0.160336 0.985656
35.900000000 -4.132055 -11.657848 3.487452 -0.072719 -0.057615 0.154994 0.983549
36.000000000 -4.170594 -11.541376 3.431039 -0.068137 -0.052449 0.159223 0.983491
36.300000000 -4.291077 -11.685904 3.676988 -0.116146 -0.063079 0.154548 0.979105
36.900000000 -4.540645 -12.189650 4.599555 -0.193310 -0.069838 0.138406 0.968812
37.000000000 -4.605008 -12.111110 4.978091 -0.194164 -0.070902 0.129685 0.969771
37.200000000 -4.586371 -13.228192 4.974293 -0.194560 -0.071617 0.156293 0.965707
37.400000000 -4.644881 -13.332416 5.105082 -0.206416 -0.070981 0.158365 0.962951
37.500000000 -4.737180 -13.248465 6.075718 -0.180226 -0.084187 0.147052 0.968920
37.600000000 -4.801020 -13.164295 6.544800 -0.185522 -0.088323 0.140525 0.968521
38.100000000 -4.719440 -15.331523 6.181483 -0.182146 -0.080998 0.199723 0.959361
38.300000000 -4.812751 -15.203828 6.809786 -0.178966 -0.090810 0.192455 0.960565
38.700000000 -4.868160 -15.773542 7.360250 -0.192955 -0.094436 0.199484 0.956063
38.800000000 -4.908942 -15.732988 7.538345 -0.190955 -0.099386 0.194070 0.957076
39.200000000 -4.986114 -16.381060 8.555622 -0.419186 -0.084136 0.128529 0.894810
39.600000000 -5.065429 -16.593865 9.671960 -0.577505 -0.069385 0.076163 0.809860
39.900000000 -5.065665 -16.725331 9.731678 -0.631614 -0.059226 0.068042 0.770017
40.200000000 -5.046869 -16.826430 9.516802 -0.627308 -0.054047 0.069629 0.773767
40.400000000 -5.030851 -16.891188 9.391973 -0.626466 -0.049536 0.072403 0.774496
40.700000000 -4.930251 -17.527206 8.868164 -0.628167 -0.030201 0.080078 0.773358
41.100000000 -4.811274 -18.513999 8.129900 -0.626228 -0.000905 0.090561 0.774362
41.300000000 -4.743064 -19.152341 7.669747 -0.628702 0.008032 0.095131 0.771764
41.800000000 -4.592907 -20.685602 6.430057 -0.626141 0.021534 0.095847 0.773497
42.300000000 -4.459558 -22.100869 5.241123 -0.639451 0.032251 0.098800 0.761775
42.400000000 -4.419969 -22.685340 4.892220 -0.640530 0.037931 0.094391 0.761166
42.800000000 -4.393587 -21.787534 5.427441 -0.641178 0.029515 0.086091 0.761977
42.900000000 -4.378695 -21.804290 5.338307 -0.639124 0.032648 0.084645 0.763734
43.200000000 -4.327053 -21.695273 5.390243 -0.642281 0.034809 0.093879 0.759901
43.300000000 -4.314960 -21.672367 5.299662 -0.648318 0.034139 0.090511 0.755200
43.500000000 -4.329948 -20.593303 5.688226 -0.654959 0.026310 0.089118 0.749929
43.700000000 -4.297434 -20.282250 5.980893 -0.642751 0.025589 0.093115 0.759965
43.800000000 -4.281144 -20.288300 5.990234 -0.641346 0.024903 0.088458 0.761728
44.000000000 -4.273535 -19.783040 5.540046 -0.668575 0.018268 0.086487 0.738372
44.100000000 -4.249009 -19.964224 5.465200 -0.664054 0.025991 0.087093 0.742140
44.300000000 -4.226342 -19.624787 5.690887 -0.661157 0.029768 0.082261 0.745130
44.700000000 -4.158224 -19.603754 5.674707 -0.658162 0.021668 0.082571 0.748021
44.800000000 -4.132440 -19.778171 5.542742 -0.667409 0.020818 0.079642 0.740128
44.900000000 -4.111241 -19.854900 5.444494 -0.660618 0.019025 0.080559 0.746144
45.000000000 -4.094584 -19.783368 5.470877 -0.663804 0.017774 0.082999 0.743074
45.100000000 -4.078141 -19.794471 5.449518 -0.663129 0.017246 0.084953 0.743469
45.700000000 -4.011405 -19.469712 5.194030 -0.671177 0.022304 0.087625 0.735762
45.800000000 -3.951348 -19.710095 4.986216 -0.669803 0.025556 0.090722 0.736533
45.900000000 -3.928619 -19.920637 4.716072 -0.667131 0.026599 0.090416 0.738954
46.300000000 -3.863595 -20.538347 3.805563 -0.682092 0.020976 0.080712 0.726496
46.800000000 -3.762156 -21.749370 2.785492 -0.680141 0.037081 0.072873 0.728507
47.000000000 -3.726277 -22.118238 2.455738 -0.684692 0.033540 0.080247 0.723624
47.100000000 -3.717777 -22.124365 2.359780 -0.687047 0.033107 0.079438 0.721499
47.200000000 -3.705869 -22.137243 2.299318 -0.688344 0.034797 0.078216 0.720315
47.300000000 -3.703626 -22.122083 2.249466 -0.688123 0.032787 0.078907 0.720545
47.400000000 -3.697737 -22.131163 2.199229 -0.687523 0.029728 0.076991 0.721457
47.500000000 -3.693089 -22.156479 2.141014 -0.688253 0.028852 0.076095 0.720892
47.600000000 -3.688999 -22.160544 2.088819 -0.687722 0.028712 0.074747 0.721545
47.700000000 -3.687886 -22.053516 2.073231 -0.691164 0.030000 0.073643 0.718309
47.800000000 -3.695190 -21.654325 2.235796 -0.685523 0.032516 0.071207 0.723831
