8.900000000 0.000000 0.000000 0.000000 -0.000000 0.000000 0.000000 1.000000
9.000000000 -0.017150 0.226247 -0.027952 -0.011784 0.000508 -0.000044 0.999930
9.100000000 -0.023567 0.275516 -0.105161 -0.010074 0.000621 -0.000431 0.999949
9.200000000 -0.026986 0.265428 -0.163050 0.002797 0.000447 -0.000540 0.999996
9.600000000 0.085413 -0.774357 0.325142 0.029883 -0.088614 0.126033 0.987608
9.800000000 1.077387 -0.456978 0.842589 0.014485 -0.110420 -0.116767 0.986896
10.300000000 -0.806283 2.023136 -0.663126 -0.176773 -0.104702 0.114157 0.971986
10.400000000 0.607190 4.039457 -4.260904 -0.219061 0.127705 0.137178 0.957542
10.600000000 0.668899 3.060194 -4.684749 -0.173863 0.130746 0.133073 0.966938
11.400000000 1.172854 -3.849510 -6.066235 0.374083 0.017131 -0.020469 0.927011
11.500000000 1.112401 -3.724786 -6.032531 0.348231 0.021063 -0.019834 0.936962
11.600000000 2.070172 -8.079231 -3.788398 0.209232 0.243925 -0.585380 0.744347
11.800000000 1.960747 -7.592813 -4.439539 0.146337 0.276461 -0.570269 0.759571
11.900000000 -0.167807 -9.130005 -4.660783 0.312858 0.160352 -0.434108 0.829432
12.100000000 -1.878975 -10.327737 -5.482957 0.639232 0.278184 -0.026917 0.716430
12.200000000 -1.938100 -10.199538 -5.436322 0.637031 0.278402 -0.025987 0.718337
12.300000000 -1.788490 -10.326918 -5.236997 0.632545 0.278112 -0.024300 0.722461
12.400000000 -1.802841 -10.152249 -5.122017 0.630341 0.278282 -0.023581 0.724343
12.900000000 -2.077405 -10.086231 -5.655773 0.641529 0.278677 -0.028276 0.714129
13.000000000 -1.877329 -10.369957 -5.475293 0.632158 0.278960 -0.024267 0.722474
13.300000000 -1.859052 -10.150023 -5.241075 0.627235 0.278817 -0.022862 0.726853
13.400000000 -1.970539 -10.186303 -5.481893 0.637593 0.278494 -0.026842 0.717771
13.800000000 -1.754789 -10.167819 -5.025259 0.633146 0.277984 -0.024501 0.721977
14.400000000 -1.798654 -10.120903 -5.097126 0.625508 0.278526 -0.021296 0.728498
14.600000000 -2.028444 -10.155249 -5.508482 0.647729 0.277400 -0.031330 0.708882
14.800000000 -2.026167 -11.241211 -6.116250 0.648542 0.276660 -0.039940 0.707996
15.000000000 -1.840676 -11.418058 -5.962641 0.655302 0.264135 -0.016531 0.707487
15.500000000 -1.780119 -11.524641 -5.500260 0.623187 0.255985 0.011140 0.738908
15.700000000 -1.846883 -11.055760 -5.507952 0.674603 0.263705 -0.038249 0.688409
15.800000000 -4.152424 -6.513095 -4.372227 0.639209 0.308251 0.096209 0.697952
16.100000000 -5.405531 3.293566 -0.350505 0.222591 0.482776 0.091804 0.841993
16.300000000 -6.159667 6.164714 0.696108 0.059913 0.458879 0.174914 0.869049
16.800000000 -5.456283 2.977908 1.835451 0.894768 0.057723 -0.287861 -0.336443
17.500000000 -8.722153 4.965419 -0.168952 -0.386573 0.170318 0.283780 0.860826
17.700000000 -7.667503 4.763554 2.990685 -0.395470 0.167773 0.299850 0.851790
18.100000000 -3.729948 7.545243 15.585325 -0.352970 0.181717 0.334432 0.854720
18.300000000 0.057796 1.441986 17.166978 0.092744 0.216028 0.203115 0.950513
18.500000000 6.905520 3.152300 24.517379 -0.410246 0.766919 0.066816 0.488947
18.800000000 4.814656 9.129639 26.782977 0.787045 0.068874 -0.543031 0.284489
18.900000000 7.842952 5.747536 30.310255 0.815882 0.078092 -0.405026 0.405206
19.000000000 4.982537 11.124418 20.146485 0.850157 0.330431 -0.303239 -0.275851
19.100000000 -0.017283 3.389938 19.174978 -0.178236 -0.183142 -0.170153 0.951703
19.500000000 0.766909 -0.055308 17.514364 -0.228322 -0.188798 -0.247692 0.922428
19.600000000 2.898166 -1.344220 18.977520 -0.242230 -0.249523 -0.340427 0.873597
20.100000000 16.369756 7.668854 7.344250 0.725652 -0.449502 0.157579 0.496535
20.200000000 9.560331 20.072456 5.748660 0.254592 -0.593390 0.361358 0.672675
20.300000000 17.110953 11.176614 10.993194 0.928660 -0.063460 0.288440 0.224423
20.700000000 22.332404 -7.621255 4.648669 -0.542559 0.013809 -0.019280 0.839683
21.500000000 17.633851 9.078298 -5.340859 0.742480 -0.596531 -0.184119 0.242845
21.600000000 16.106032 12.890817 -7.838342 0.779008 -0.607740 0.121906 0.094542
21.700000000 24.008249 15.238646 -8.736172 0.650212 -0.492375 0.320104 0.482002
21.800000000 16.582849 13.437395 -8.089373 0.583651 -0.155232 -0.170625 0.778551
22.000000000 24.297467 12.725725 0.352867 -0.078443 0.995514 -0.028777 -0.044387
22.400000000 22.818942 15.556131 7.366139 0.537338 0.734528 -0.408720 -0.068448
22.600000000 20.153751 14.834346 11.002841 -0.530579 0.791915 -0.040394 0.299539
22.700000000 15.149153 6.194856 15.766607 -0.593328 0.766493 0.177852 -0.169762
22.800000000 37.589566 27.705462 11.943596 -0.073727 0.393918 0.916140 -0.009009
23.100000000 31.578775 27.403511 5.759971 0.605486 -0.552751 -0.369953 -0.437021
23.300000000 31.661251 27.679456 -3.460819 -0.646252 0.108632 -0.523170 0.544840
23.500000000 30.751977 24.513218 -0.114987 0.857722 0.037121 -0.313634 -0.405670
23.600000000 28.377714 24.184816 -1.821535 -0.011163 0.456068 0.869312 0.190193
24.400000000 35.885883 19.715062 1.490703 -0.085917 0.152484 0.984401 -0.017954
24.800000000 30.253948 25.088190 -2.415199 0.705896 0.303169 0.577782 -0.275620
25.300000000 29.377349 21.195729 4.568869 -0.350149 -0.584524 -0.258555 0.684745
25.400000000 30.123432 33.045739 0.842793 0.742380 -0.040783 0.194589 0.639800
25.500000000 19.962753 28.122419 -2.937255 0.528893 -0.500649 0.537621 -0.424953
25.600000000 20.417584 26.103303 -6.705085 0.136833 0.595112 0.660714 0.436548
25.800000000 17.596569 14.305684 -2.028901 0.901492 -0.427187 0.052823 -0.045086
25.900000000 10.711860 16.550096 4.550120 -0.499097 0.414648 -0.271314 0.710885
26.000000000 6.992897 15.802654 3.136548 -0.641183 -0.098110 -0.387128 0.655279
26.200000000 0.705837 13.838665 1.424403 -0.136381 -0.258014 -0.426361 0.856181
26.800000000 12.951567 11.101450 2.222273 0.789036 0.148554 -0.435711 0.406829
26.900000000 9.857415 10.599223 1.374126 0.887878 -0.425760 -0.174179 -0.007863
27.200000000 16.454018 4.859522 2.511597 0.850991 0.265574 -0.389853 0.230866
27.500000000 18.318250 10.279349 -2.565391 0.213979 0.814129 -0.072800 0.534890
27.800000000 21.383259 10.853889 -3.751983 0.912123 -0.077305 -0.165253 -0.367078
27.900000000 20.169698 12.235708 -2.806898 -0.422566 0.815468 -0.325909 0.224128
28.100000000 19.535538 13.903130 -7.436119 -0.056993 -0.206279 0.600130 0.770743
28.300000000 18.058950 8.580448 -3.238801 0.233619 0.785173 -0.541959 -0.187632
28.400000000 23.317014 7.266555 -6.785313 0.670597 -0.638956 0.368806 0.077567
28.600000000 27.664695 1.193036 -15.703494 0.191357 0.498966 0.621405 0.572949
29.300000000 41.583978 4.426563 -8.255393 -0.441940 0.723675 -0.484648 -0.214709
29.400000000 41.478082 3.110698 -9.039038 -0.382963 0.781181 -0.394501 -0.295743
29.600000000 40.525952 3.965262 -8.929744 -0.351484 0.823973 -0.294538 -0.332828
29.700000000 40.269347 3.176036 -9.639777 -0.381699 0.793418 -0.372392 -0.293457
29.800000000 41.622635 5.876566 -6.931704 0.103823 -0.808685 -0.239659 0.527079
30.600000000 41.935123 4.709529 -6.886262 -0.157175 0.820785 -0.465548 -0.291330
30.700000000 44.519322 3.779933 -3.542403 -0.016335 0.861297 -0.319835 -0.394469
30.900000000 41.874644 3.577436 -1.931405 0.677961 -0.185733 0.636294 -0.317808
31.100000000 41.988716 1.543707 -3.412083 0.690204 -0.244597 0.627448 -0.264764
31.700000000 38.484594 0.229304 -5.017287 0.499971 -0.089166 0.746391 -0.430092
31.800000000 42.057277 0.908834 -3.986882 0.584077 -0.234174 0.719885 -0.292885
31.900000000 42.887338 3.893180 -1.530978 0.536848 -0.201859 0.745265 -0.340039
32.200000000 49.206966 9.605076 1.187751 0.312696 -0.045417 0.824440 -0.469528
32.500000000 51.539800 9.667702 3.185631 -0.092518 -0.321840 -0.586925 0.737143
32.600000000 49.668037 9.007983 1.359358 0.147978 -0.394439 -0.523166 0.740823
33.100000000 49.276917 10.450274 1.868287 -0.263513 -0.259777 -0.555883 0.744360
33.300000000 49.629086 9.519058 1.843439 0.720483 -0.383552 0.407763 0.409294
34.300000000 49.891376 10.188919 1.847178 -0.041516 -0.433047 -0.297479 0.849855
34.400000000 51.433836 9.189640 0.805436 -0.276678 -0.272011 -0.480614 0.786429
34.600000000 45.414814 11.477001 5.599419 0.650459 -0.235418 0.642682 -0.329304
34.700000000 40.808794 9.230975 3.498950 -0.489089 -0.510337 -0.433619 0.558858
34.800000000 39.653663 22.986845 3.398614 0.144066 -0.401997 -0.330844 0.841538
35.300000000 21.435538 17.808107 17.046527 0.347503 0.116132 -0.283744 0.886140
35.500000000 26.327980 24.086418 -3.560658 0.763792 0.189240 -0.519978 -0.332314
35.800000000 8.805101 11.131357 3.386580 0.338547 0.937422 -0.079500 -0.017463
36.100000000 -5.743033 12.030067 7.185124 -0.626585 0.705344 0.258951 -0.206945
36.200000000 -3.370887 28.320904 -1.546392 0.760921 -0.026139 0.636603 0.122690
36.400000000 -8.811328 44.620877 12.802504 -0.344228 0.016402 0.890337 -0.297553
36.900000000 -9.084430 69.988408 25.255962 -0.279892 -0.077430 0.893943 -0.341366
37.000000000 -12.589786 61.232041 23.840814 0.064963 -0.365059 0.852283 -0.368952
37.300000000 -25.378991 69.030374 26.074271 -0.063849 -0.095837 0.918050 -0.379372
38.100000000 -8.276600 65.407605 13.418262 0.044114 0.204577 -0.708775 0.673676
38.200000000 -12.960981 71.249230 5.413640 0.329567 -0.042908 -0.704925 0.626598
38.300000000 2.952925 69.232059 36.915907 -0.298086 -0.276842 0.387906 0.827062
38.400000000 6.631321 61.630612 37.828966 -0.099330 0.953305 0.127541 -0.255101
38.600000000 4.042386 54.869455 37.064181 0.311817 0.287943 0.780452 0.459079
38.800000000 3.947798 58.797535 39.589759 0.333312 0.186056 0.631777 0.674644
38.900000000 -4.827242 60.898021 36.011535 0.391720 -0.129909 0.643167 0.644992
39.200000000 31.121760 52.584194 52.906097 0.623377 -0.482205 -0.515012 -0.337108
39.300000000 31.357272 53.828524 47.158829 -0.529947 0.248728 0.723157 0.366515
39.500000000 48.407786 53.138922 61.929560 0.239120 0.334986 0.888455 -0.203108
39.700000000 68.951728 46.310282 72.972853 -0.722129 0.258008 0.146700 0.624852
40.800000000 72.576148 46.118394 80.242854 -0.476603 0.254751 0.072390 0.838279
40.900000000 69.733398 46.113909 74.558493 -0.604346 0.273398 0.127759 0.737358
41.500000000 73.126969 42.147571 82.687331 -0.094639 0.222463 -0.023531 0.970052
42.100000000 68.147833 34.785843 68.530041 -0.705114 0.475410 0.146661 0.505262
42.300000000 68.852960 32.794020 70.046185 0.849710 -0.309490 -0.132271 -0.405848
42.600000000 69.216289 31.918015 70.665256 0.955806 -0.208388 -0.194601 -0.071693
43.300000000 68.505553 34.753012 66.809987 0.952941 -0.226159 -0.199832 -0.028678
43.700000000 68.595838 31.969980 68.811456 -0.739105 0.275876 0.109328 0.604701
44.200000000 71.308901 31.940967 74.010032 -0.688936 0.338340 0.057217 0.638451
44.300000000 72.502198 33.542174 74.393599 0.791770 -0.351225 -0.155960 -0.474782
44.700000000 66.766943 34.888582 71.961422 -0.448955 0.737381 0.155566 -0.480112
45.000000000 68.362638 32.459304 84.480347 0.069593 -0.453817 -0.324663 0.826923
45.100000000 63.141586 43.641845 71.919263 -0.126237 -0.375917 -0.353713 0.847135
45.500000000 64.561523 34.716717 69.138612 -0.240338 0.806220 0.540595 0.002190
45.600000000 61.467745 37.254259 65.178881 0.552809 -0.146623 0.667185 0.477250
45.700000000 64.188511 40.958014 62.971241 0.594085 -0.026846 -0.258396 0.761298
45.800000000 58.719127 40.678670 53.070465 0.246842 0.230202 -0.128891 0.932450
46.400000000 52.737208 -6.398654 48.331729 -0.245413 -0.312548 0.698959 0.594594
46.500000000 57.498205 -9.206973 49.479896 0.174796 -0.586420 0.433157 0.661765
46.600000000 55.847129 -8.628162 60.745885 -0.122050 0.636810 -0.265858 0.713370
46.700000000 57.048594 -5.841195 41.163352 -0.048041 -0.417082 0.835573 0.354335
46.900000000 56.121421 -13.002083 46.485944 -0.325230 0.460742 0.669599 0.483300
47.000000000 59.288108 -10.001821 48.952700 0.284237 -0.220980 0.491942 0.792698
47.200000000 55.270828 -7.984167 50.416042 0.154388 -0.133700 0.974988 -0.087674
47.300000000 57.950082 -9.121179 47.492864 -0.052491 0.774084 -0.387683 0.497735
47.700000000 62.605697 -11.335794 46.768082 -0.293177 0.112550 0.887135 0.338188
48.100000000 67.325371 -8.632122 48.961291 -0.337646 0.201165 0.729331 0.560004
48.400000000 62.414211 -14.461749 46.326127 0.578838 0.758895 -0.249288 -0.163951
48.700000000 59.184087 -19.936496 37.994996 0.135049 0.789358 -0.408755 -0.437716
49.600000000 58.766828 -11.285526 36.258039 0.870536 0.384603 -0.111650 -0.285974
49.800000000 55.832458 -9.684436 32.343072 -0.468715 -0.083866 0.279114 0.833887
49.900000000 58.526693 -10.919790 33.707041 -0.375117 -0.139888 0.259978 0.878709
50.000000000 57.834544 -14.082415 28.527634 -0.065271 0.016581 -0.005105 0.997717
50.200000000 58.341036 -11.930219 40.088550 0.109272 0.266459 -0.661620 0.692328
50.300000000 52.590147 -9.384218 37.727531 0.359530 -0.245245 -0.696430 0.570595
50.500000000 37.417611 -24.369432 37.030135 -0.106274 0.053631 -0.454364 0.882827
50.600000000 35.519542 -21.649183 29.034170 0.024409 -0.465166 0.438725 0.768469
50.800000000 25.066909 -18.266644 36.049023 -0.594666 -0.493660 0.631109 -0.066129
51.300000000 23.458072 -4.194729 25.993171 0.262705 -0.246034 0.565687 0.741924
51.400000000 21.281199 0.783516 27.824550 -0.141634 -0.583636 0.077829 0.795771
51.500000000 30.083877 7.084923 27.485610 -0.068642 -0.464398 0.776319 0.420656
51.900000000 28.931840 18.171540 28.788426 -0.023720 -0.741045 -0.434173 0.511649
52.100000000 25.009575 22.740467 23.428622 0.855000 0.341967 0.037227 0.388134
52.400000000 19.298941 24.536125 9.977687 0.726283 -0.511670 0.206645 0.409883
52.500000000 41.583855 13.110570 16.815242 0.092442 0.965229 -0.222784 -0.100775
52.600000000 47.538095 -0.878020 13.674926 0.453988 0.284624 -0.042559 0.843251
53.100000000 40.322153 -21.409517 18.776787 0.253815 -0.074358 0.834538 0.483316
53.300000000 47.430558 -25.455476 27.833863 -0.086220 -0.008620 0.065623 0.994075
54.100000000 47.998837 -33.086779 33.843208 0.664318 -0.564795 -0.156324 -0.463952
54.900000000 51.989539 -40.963647 42.008018 -0.064909 0.874724 -0.329934 0.348980
55.000000000 53.464345 -43.277044 42.771754 -0.044940 0.831859 -0.401200 0.380828
55.200000000 52.401427 -43.919424 42.119299 -0.113118 0.893610 -0.239235 0.362536
55.700000000 47.088505 -37.798474 42.400758 -0.062870 0.823363 -0.381975 0.414990
55.800000000 51.010961 -41.960321 41.250276 -0.172436 0.945794 0.135862 0.239334
56.000000000 54.590336 -43.848420 37.191436 -0.189400 0.908299 0.328759 0.176174
56.200000000 51.013918 -46.871142 41.952489 -0.141137 0.931031 0.238990 0.236950
56.700000000 62.420170 -37.410926 38.616646 -0.409607 0.045203 -0.422174 0.807433
56.800000000 55.505159 -35.225996 39.633664 -0.573692 -0.243777 0.027278 0.781477
56.900000000 65.293547 -32.006125 32.502024 0.235791 -0.615688 0.419891 0.623716
57.000000000 64.663187 -23.551752 43.443027 -0.357130 0.842662 0.208346 0.344921
57.100000000 68.984829 -30.900254 20.612746 0.058428 0.984205 0.148138 0.077339
57.500000000 98.374171 -17.757923 23.077613 -0.052909 -0.602231 0.558626 0.567851
58.000000000 84.292484 -10.252266 -3.206029 0.822883 0.229208 0.351108 0.383471
58.100000000 69.713756 -1.726677 2.033716 0.699258 0.188704 0.437736 0.532743
58.300000000 90.282455 -12.909253 5.057236 0.693145 -0.215120 0.396624 0.562106
58.500000000 76.200343 -16.606267 13.551831 -0.653014 0.107967 0.001853 0.749608
58.600000000 70.160338 -18.581664 5.521027 -0.307130 -0.315740 0.312949 0.841453
58.800000000 65.299442 -19.457566 3.522489 0.084040 -0.023900 -0.039937 0.995375
59.100000000 69.091035 -19.224136 12.652931 0.557219 -0.145638 0.661376 0.480499
59.200000000 68.729528 -20.637131 15.604919 -0.345899 0.011461 -0.668602 0.658175
59.300000000 58.401375 -23.183859 14.497407 0.431036 0.531443 0.535121 0.495401
59.800000000 55.899230 -27.769012 19.021465 -0.285266 -0.634463 0.706185 -0.131843
60.000000000 59.152185 -21.474385 5.328279 0.294446 -0.224946 0.920283 -0.125615
60.400000000 36.934784 -22.138429 14.138212 0.361735 -0.269379 0.719054 0.528719
60.700000000 36.679532 -17.482930 16.052945 -0.237110 -0.116589 -0.746623 0.610524
60.900000000 24.286628 -20.371400 27.086769 0.967081 0.190900 -0.097665 -0.137017
61.000000000 18.742343 -18.527750 26.214919 0.160783 0.350366 0.885328 0.259976
61.100000000 17.508371 -16.208890 23.144596 0.777194 0.438182 -0.121831 -0.434882
61.200000000 19.299882 -19.480432 19.552582 -0.431898 -0.340299 0.704822 -0.448204
61.300000000 18.294772 -18.850586 19.489856 0.693338 0.509859 0.504688 0.067950
61.400000000 19.617948 -25.574535 16.605821 -0.670980 0.107206 0.531685 0.505573
61.500000000 18.359530 -24.096140 19.997515 -0.083845 0.123184 0.854318 0.497932
61.600000000 18.012117 -23.686386 23.253559 0.205438 0.214198 0.387880 0.872619
61.900000000 17.677108 -27.569836 21.471688 0.835808 0.018006 -0.349261 0.423224
62.000000000 23.358334 -32.362043 19.916325 0.495667 0.810694 0.073597 0.302774
62.100000000 21.656396 -25.244424 12.481838 0.810695 -0.150778 0.564959 -0.029342
62.200000000 12.260994 -29.743350 13.903603 0.696014 -0.282941 0.566146 0.339099
62.500000000 -4.620060 -25.771734 5.501201 -0.198196 0.491418 -0.015021 0.847939
62.700000000 -9.259233 -28.419852 5.170219 -0.411738 0.788917 -0.056229 0.452681
62.800000000 -4.261354 -24.178341 5.593992 0.050689 -0.535375 0.714718 0.447194
62.900000000 -4.642683 -27.804753 4.735882 0.145604 -0.516539 -0.627079 0.564588
63.200000000 1.013874 -28.852113 1.098034 0.008215 -0.410111 0.908573 0.078972
63.300000000 1.564141 -30.373375 1.876302 0.316881 -0.497342 0.791686 0.159597
63.400000000 6.752083 -28.597534 1.412234 0.738516 0.004211 -0.527860 -0.419452
63.600000000 10.522888 -28.990586 -4.864792 0.403341 -0.455347 0.523195 0.596860
64.300000000 37.508696 -24.539342 10.581532 -0.232814 -0.612246 0.653834 -0.378752
64.400000000 16.503859 -24.081278 5.834952 -0.491693 0.343393 0.775890 0.195738
64.600000000 29.868420 -29.448714 18.238317 0.002091 -0.542709 0.360929 0.758414
64.700000000 32.597957 -15.395227 21.404975 -0.001016 -0.345681 -0.541749 0.766167
64.900000000 30.472942 -24.176187 13.801695 0.137962 -0.450341 0.649105 0.597346
65.300000000 35.021723 -21.050469 24.786948 0.891407 0.424944 -0.146950 -0.056760
65.400000000 34.374163 -22.392149 25.361628 -0.472362 0.312238 0.798520 -0.204321
65.700000000 30.474898 -18.916086 24.372504 -0.520026 0.231624 0.822128 -0.005414
65.800000000 41.790864 -22.954002 29.562088 -0.035310 0.245053 0.082270 0.965367
65.900000000 47.749787 -26.958053 29.142144 -0.639607 -0.372802 0.298306 0.602440
66.000000000 51.463989 -24.647741 27.582572 0.332207 -0.317900 0.880828 -0.112783
66.200000000 49.950418 -25.726183 31.535008 0.803082 -0.538151 -0.193208 -0.167699
66.600000000 49.439091 -23.542778 26.205391 0.127344 -0.131149 0.978021 -0.100287
66.900000000 48.008984 -26.220364 28.377892 -0.690418 0.148561 -0.170774 0.687087
67.000000000 48.655744 -24.340803 29.497447 -0.545914 0.318122 -0.440019 0.638090
67.200000000 45.840716 -22.184684 29.922391 0.183420 -0.514893 0.818894 -0.175088
67.300000000 58.285337 -23.565381 47.276391 0.103710 -0.554917 0.774678 -0.284930
67.600000000 48.961890 -20.475626 27.846463 0.863928 0.265049 -0.084878 0.419730
68.300000000 49.462741 9.768004 13.368484 -0.569086 0.314691 -0.562659 0.510417
68.400000000 57.790042 12.259539 15.185732 0.674266 -0.030329 -0.554975 -0.486259
68.700000000 35.932875 8.001934 12.222399 0.646453 -0.349505 0.616793 0.281977
69.300000000 71.369844 18.228117 20.365725 0.229456 0.439842 -0.548485 0.673092
69.500000000 68.823118 25.085083 27.134613 -0.224479 0.802676 0.551736 0.030109
69.900000000 62.100103 23.320788 35.196331 0.406354 0.326995 -0.086646 0.848789
70.000000000 62.412507 24.441915 35.037257 0.492107 0.259477 -0.132735 0.820295
70.200000000 61.242867 24.271745 35.245259 0.604581 0.789534 0.085653 -0.061492
70.300000000 60.418569 26.740801 38.636572 -0.503158 0.653277 0.364529 0.432642
70.400000000 62.440000 26.580492 40.815804 -0.244075 -0.616039 0.726147 0.183393
70.500000000 55.926671 28.108411 33.678763 0.795606 -0.211947 -0.471177 0.316356
70.700000000 59.817043 12.885503 36.453803 -0.166435 -0.452367 0.876164 -0.000281
71.500000000 59.874970 -18.683534 67.176829 0.728646 -0.309343 -0.610221 -0.031820
71.700000000 64.673219 -18.437966 72.373720 0.942618 0.300445 -0.008802 0.145350
71.800000000 56.640142 -28.769634 73.755214 0.922615 0.336844 -0.120595 0.144134
71.900000000 55.586719 -13.063513 75.891555 -0.079454 0.845514 0.527115 -0.030723
72.000000000 47.755567 -16.226460 73.378355 0.345750 0.414877 0.751828 -0.378271
72.400000000 52.595650 -17.430704 70.129361 0.508373 0.654760 0.292014 0.477048
72.800000000 52.253322 -16.885077 64.422664 0.895542 0.192512 0.256236 -0.308686
72.900000000 42.843561 -14.932742 70.487927 -0.600850 -0.450341 -0.230704 0.618829
73.600000000 57.273363 -17.104270 80.334099 -0.350409 0.163238 0.881432 0.271375
73.900000000 69.353531 -17.491796 68.147991 -0.072515 -0.448475 -0.334567 0.825637
74.200000000 70.310302 -23.568192 70.660720 -0.578859 0.783581 -0.225063 -0.016420
74.400000000 69.885103 -13.401839 77.375876 0.209558 -0.137071 -0.558361 0.790904
74.500000000 59.384133 -14.102367 74.488653 0.680622 0.220603 0.541977 0.440849
74.600000000 49.451908 -18.841307 88.230286 -0.093431 0.356972 0.050684 0.928048
74.700000000 53.802822 -13.559674 76.844724 0.719029 -0.202399 -0.362616 0.557263
74.900000000 41.322408 -19.176052 61.694733 0.815295 0.519373 0.096429 0.237164
75.000000000 36.868132 -23.645314 63.352469 -0.295168 0.366454 0.263978 0.841964
75.400000000 26.448675 -21.320497 66.777879 0.764219 0.097519 0.592630 -0.235052
75.500000000 24.625424 -20.483292 68.121833 -0.487908 -0.251984 -0.381305 0.743678
75.600000000 24.268128 -19.004801 68.527145 -0.469488 -0.239544 -0.374365 0.762923
75.800000000 34.169362 -19.633486 63.645940 -0.442530 0.880745 0.097229 -0.137848
75.900000000 31.009806 -25.430879 67.230756 -0.279445 -0.563447 0.566261 0.532716
76.000000000 30.269425 -24.246061 70.173496 0.949855 -0.064155 -0.262476 0.157373
76.200000000 36.524745 -21.710460 66.525938 0.573939 -0.065990 0.736931 -0.350959
76.700000000 31.155882 -21.040902 71.099444 -0.300404 0.637896 -0.052445 0.707175
77.100000000 37.967944 -21.133924 77.187156 -0.213295 -0.387639 -0.182842 0.877958
77.800000000 27.691695 -25.878736 72.811544 0.233650 0.947736 0.209442 -0.057769
77.900000000 29.521651 -21.967484 69.710057 -0.487676 0.691828 0.324970 -0.421829
78.400000000 29.578332 -13.513792 72.094970 -0.645133 0.138305 0.270468 0.701086
79.000000000 22.423996 -16.011715 70.556592 -0.006554 -0.702873 -0.144582 0.696436
79.100000000 19.538114 -16.301518 70.398284 -0.007452 -0.701863 -0.148406 0.696640
79.700000000 22.157271 -13.833709 65.759263 0.863735 0.251144 -0.388466 0.199956
79.800000000 7.267716 -11.988259 70.015235 0.703210 0.312138 0.023198 0.638378
80.000000000 15.885021 -13.421143 68.022254 0.946044 0.208834 -0.175717 0.174679
80.200000000 28.917474 -24.543378 61.769122 -0.549322 0.252703 0.792046 -0.083963
80.900000000 12.682845 -37.403576 81.071989 0.286526 0.589937 0.596281 0.462953
81.000000000 14.683639 -39.216030 79.707173 0.820993 0.376273 0.353685 0.243508
81.500000000 14.083702 -39.422130 81.448161 0.841840 0.350205 0.345114 0.222619
81.700000000 14.795102 -39.422995 80.430733 0.831879 0.365722 0.351453 0.225180
81.900000000 15.019081 -39.196995 79.726844 0.854349 0.358958 0.332307 0.175523
82.000000000 15.913731 -39.056582 77.759615 0.854049 0.357133 0.341270 0.163071
82.700000000 2.216903 -42.170789 83.090788 0.561387 0.662211 -0.495556 -0.027310
82.800000000 2.126509 -42.220934 83.191847 0.570157 0.651159 -0.500574 -0.018372
83.200000000 1.339199 -41.310614 79.778116 0.441015 -0.460256 0.068798 0.767422
83.300000000 0.148328 -40.076676 73.132399 0.582250 -0.512115 0.036070 0.630415
83.900000000 3.642961 -39.129637 80.332252 0.536990 -0.489225 0.048899 0.685500
84.100000000 -1.010097 -45.864526 81.869441 -0.601633 -0.470986 0.645130 -0.004126
84.200000000 3.499392 -39.415179 84.116789 0.452448 0.150195 -0.255933 0.840970
84.300000000 4.277829 -41.666204 84.646064 -0.348530 0.292451 -0.733995 0.504232
85.200000000 6.611919 -39.148993 85.512244 0.521403 0.697604 0.071249 -0.486221
85.900000000 8.168831 -38.437114 84.259068 0.547537 0.711360 0.096242 -0.430009
86.200000000 5.594068 -37.652537 86.425643 -0.787676 -0.161593 -0.164489 0.571313
86.500000000 7.607834 -37.386336 87.637938 -0.261819 0.221208 -0.622994 0.703133
86.700000000 9.234596 -36.956895 87.030814 -0.624771 -0.252414 -0.171382 0.718732
87.200000000 6.441941 -39.727322 84.423267 0.794005 0.454698 -0.324553 -0.239731
87.300000000 0.326690 -43.825831 81.871582 0.197744 0.076142 0.760186 0.614180
87.600000000 -2.928034 -46.825403 85.541824 0.820205 -0.282958 -0.385857 -0.313550
88.300000000 -2.961930 -31.948465 79.477969 0.550013 0.432812 -0.293727 0.651064
88.400000000 -4.837936 -30.696886 81.205407 0.851640 0.076698 -0.270091 0.442581
89.100000000 5.177867 -33.916927 79.005398 0.570482 0.050406 0.056230 0.817831
89.200000000 5.274809 -33.751214 79.516800 0.574506 0.046661 0.056602 0.815207
89.600000000 0.091552 -52.497651 95.203139 -0.131837 0.817185 -0.511945 0.229653
90.500000000 0.694774 -49.627721 95.457954 -0.097789 0.820494 -0.512450 0.233712
91.000000000 1.007286 -50.308234 95.951773 -0.102444 0.820443 -0.513092 0.230468
91.300000000 -2.255679 -41.638892 96.820165 0.249318 -0.467880 0.712556 -0.459558
91.400000000 -10.909588 -55.134859 96.778609 0.573690 -0.469091 0.606411 0.288268
91.500000000 -4.928076 -51.136905 103.428037 -0.030355 -0.414477 -0.062497 0.907404
91.600000000 -4.632072 -54.761290 109.478931 0.421352 -0.557108 0.618153 -0.360527
92.000000000 -8.513238 -54.549739 95.793249 0.823812 0.002566 -0.561578 0.077184
92.300000000 -3.141822 -54.278785 107.540473 -0.495629 -0.291725 0.804568 0.148048
92.400000000 -10.271346 -62.484136 106.381797 0.446886 -0.075993 0.219746 0.863846
92.600000000 -7.392136 -53.655756 108.926982 -0.292105 -0.011869 -0.216770 0.931421
92.900000000 9.139266 -50.392579 110.002267 0.107202 0.796112 -0.361037 -0.473672
93.200000000 17.144047 -57.709226 114.882761 0.773391 0.000976 -0.569343 -0.278774
93.500000000 19.016968 -53.161261 122.606920 0.510678 0.741703 0.034163 -0.433495
93.600000000 20.772243 -52.490117 126.250719 0.371902 0.849665 -0.053689 -0.369968
94.000000000 19.718730 -51.539895 128.109366 0.418050 0.846362 -0.295322 -0.147277
94.400000000 12.730638 -49.640333 115.866401 0.912656 0.211568 0.294015 0.189351
95.000000000 13.456334 -45.441848 103.774428 0.289944 0.693044 0.209619 0.625845
95.400000000 19.933573 -38.535579 108.568535 -0.347127 0.647015 0.574301 -0.362012
95.500000000 21.962630 -41.451151 90.829718 0.556804 0.695935 -0.434724 0.129072
95.900000000 27.247343 -37.839731 108.720115 -0.141582 0.645554 0.741382 -0.116483
96.000000000 31.501651 -41.017696 110.815568 0.459600 -0.043084 0.493570 0.737089
96.200000000 35.060990 -47.081879 107.512552 -0.138704 0.061300 0.102297 0.983127
96.300000000 30.444103 -43.897710 109.812926 0.420250 -0.078161 0.526077 0.735204
96.700000000 30.261191 -44.781853 110.355768 0.355609 -0.028210 0.473059 0.805581
97.100000000 21.643165 -32.752690 120.070838 -0.089902 0.404182 -0.456823 0.787317
97.500000000 27.437468 -43.513742 106.940470 0.120912 0.521425 0.725880 0.431967
97.800000000 28.386463 -50.739144 114.200321 0.335140 -0.287151 0.887519 -0.132422
98.000000000 31.635708 -44.331608 116.832236 -0.071798 0.719986 0.287542 0.627523
98.300000000 27.654737 -41.974458 118.371976 -0.478025 0.734101 0.100038 0.471784
99.100000000 26.350163 -44.655212 117.616110 0.058586 -0.007172 0.034661 0.997655
99.300000000 14.945383 -44.104381 116.158633 -0.043939 0.439467 0.141273 0.885991
99.500000000 25.188410 -46.510716 124.911764 -0.103106 -0.707451 -0.202316 0.669291
99.900000000 27.776875 -45.005442 104.973260 0.290264 -0.164371 0.349332 0.875612
100.100000000 38.871680 -47.712639 112.293593 0.193570 0.630658 0.066427 0.748591
100.300000000 43.387198 -52.574343 118.187299 -0.232274 0.884696 0.387749 -0.114070
101.000000000 39.049377 -47.292959 111.560253 -0.205689 -0.008721 0.567599 0.797150
101.100000000 40.009056 -46.971357 112.924981 -0.214122 -0.038196 0.560117 0.799351
101.200000000 41.778577 -46.061065 111.204321 0.030281 0.557717 0.800659 0.216749
101.500000000 42.804256 -48.850656 110.832396 0.187979 0.693853 -0.586373 -0.373361
101.700000000 46.177799 -43.410837 124.957103 -0.334668 0.852760 -0.159633 0.367852
101.800000000 41.904796 -44.769309 111.091634 -0.579776 0.588260 0.529723 0.192883
102.200000000 38.028361 -20.557077 109.199573 -0.111125 0.582060 -0.033304 0.804828
102.400000000 38.169420 -13.783081 106.670668 0.471802 0.858013 -0.202970 -0.004513
102.500000000 34.309252 -11.582278 110.602505 0.722001 0.365819 -0.097666 0.579097
103.100000000 38.177083 -11.586258 104.422590 0.126836 -0.594375 -0.226132 0.761246
103.700000000 34.387557 -17.744898 104.429154 -0.623460 0.101246 0.708720 0.314264
104.200000000 39.318963 -16.875163 104.119061 0.098558 0.641509 -0.637051 0.415835
104.300000000 34.088790 -20.993260 101.606318 0.451677 -0.030074 0.413130 0.790194
105.400000000 44.290436 -21.237386 101.476685 0.159184 0.120587 -0.476298 0.856306
105.500000000 38.753693 -22.856371 101.417086 0.343083 0.106802 -0.363926 0.859328
105.900000000 51.774205 -22.713737 102.680888 -0.536850 0.129249 0.777806 -0.300175
106.700000000 41.207678 -19.176250 109.369262 -0.287363 0.347120 0.784415 0.426173
107.000000000 35.392734 -19.051342 109.066145 -0.589721 0.269821 0.673603 0.354520
107.100000000 37.601769 -21.944429 108.519518 0.413697 0.532470 0.033691 0.737696
107.200000000 39.140955 -18.167626 106.986017 0.129179 0.853853 0.212035 -0.457482
107.600000000 40.421952 -16.924292 95.379880 0.894019 -0.384960 0.080059 0.214770
107.700000000 40.736199 -15.645082 95.779727 -0.594452 0.675589 0.148934 -0.409908
108.000000000 38.456603 -14.856035 96.314768 0.749455 0.175529 -0.577311 -0.272431
108.100000000 38.472955 -13.035209 97.670649 -0.162220 -0.661060 -0.037932 0.731605
108.400000000 38.557579 -11.232543 99.633921 0.796785 -0.380363 -0.149756 -0.445006
108.700000000 35.216264 -10.300700 99.036582 -0.364159 0.718639 -0.505043 0.309642
108.900000000 36.485748 -11.208898 99.961534 -0.370279 0.373473 0.699139 -0.484372
109.100000000 36.896520 -9.894189 98.819686 0.084432 -0.151974 0.963985 -0.201266
109.200000000 36.765832 -9.917823 98.867110 0.069010 -0.062419 0.979906 -0.176423
109.600000000 36.338847 -10.540950 98.106634 -0.075567 0.651210 -0.623348 0.426208
110.200000000 36.539746 -9.642119 95.953537 0.137877 0.898040 -0.351331 0.226011
110.300000000 36.607502 -9.841570 95.423980 -0.516806 0.824069 -0.211556 -0.095215
110.600000000 37.452048 -9.366549 95.770519 -0.433020 -0.069313 -0.224830 0.870139
110.700000000 37.424147 -10.043511 96.142685 -0.551918 -0.271012 -0.272269 0.740141
111.300000000 37.689847 -9.987499 96.389209 0.140038 -0.153061 -0.362539 0.908585
111.400000000 37.083680 -9.890275 96.775498 0.495847 -0.470570 -0.306613 0.662335
111.600000000 36.837008 -9.947668 95.889348 0.214417 -0.527513 0.073595 0.818743
111.800000000 36.999654 -10.438240 96.573834 0.839379 -0.435473 -0.038055 -0.323044
113.100000000 38.910501 -10.448860 97.498692 -0.450377 0.752065 0.143738 -0.459237
113.300000000 40.680818 -11.520470 95.358425 -0.477335 0.810932 0.088531 -0.326654
113.400000000 40.542676 -11.392150 95.533969 -0.459484 0.808541 0.106516 -0.351837
113.800000000 37.895483 -8.585164 101.248625 0.921444 -0.225809 0.296506 0.109711
114.400000000 40.602725 -0.495232 105.241964 0.897533 0.335539 0.163743 -0.234598
114.700000000 40.855983 1.671787 100.864622 0.073024 0.942532 0.300112 -0.127411
114.800000000 42.332718 3.163209 100.189114 0.587662 -0.564393 -0.181008 0.550772
114.900000000 39.095506 1.899395 100.296029 -0.658976 0.685593 -0.028414 0.308067
115.400000000 44.296374 6.220829 103.504508 -0.301254 -0.669941 -0.191473 0.650971
115.700000000 44.015942 5.966017 95.172550 0.196672 -0.325388 -0.147945 0.912992
116.000000000 43.754504 4.351713 94.522720 0.146456 0.182490 0.612173 0.755309
116.300000000 41.477759 7.815221 90.238044 0.525539 0.579473 0.573352 0.243489
116.600000000 48.971609 6.434168 96.040994 0.254145 0.053333 0.956877 -0.130204
116.700000000 45.108006 11.467376 95.209074 -0.116897 -0.277033 0.779083 0.550107
116.900000000 52.251056 6.146761 86.870404 0.811988 0.008831 0.488299 -0.319628
117.000000000 53.660250 8.544049 87.867764 0.816746 -0.175931 0.496265 -0.236001
117.100000000 44.890270 3.711394 90.105036 0.313041 0.231532 -0.271542 0.880149
117.200000000 46.192013 1.447532 88.957493 -0.223290 0.260176 0.939372 -0.005564
117.400000000 43.127539 -0.527402 85.781253 -0.108846 0.599590 0.083025 0.788512
117.800000000 40.740905 0.504434 92.574891 -0.517031 0.101256 -0.049005 0.848542
117.900000000 38.240676 2.605152 92.355666 -0.333398 -0.624565 -0.073146 0.702434
118.100000000 36.220158 3.062834 87.446336 -0.076849 0.301500 -0.765621 0.563043
118.200000000 38.008628 -1.561078 83.584138 0.626005 -0.424767 0.609457 0.237177
118.600000000 35.387845 2.666822 85.792734 -0.567058 -0.379815 0.685830 0.252631
119.000000000 43.930925 -1.632575 81.412528 0.907320 0.355376 0.083602 0.208542
119.400000000 43.409620 3.406646 82.931218 -0.562084 0.611583 -0.323373 0.453275
119.500000000 40.968299 -10.275520 87.856614 0.543094 -0.394818 0.736967 -0.077765
119.600000000 48.056204 8.274283 80.093734 0.659800 0.179496 0.044241 0.728346
120.000000000 63.373910 21.028150 37.031015 -0.201516 0.794445 -0.330873 -0.467730
121.300000000 41.441802 2.026086 57.691452 0.607722 -0.213909 0.386344 0.660041
121.400000000 41.548865 1.944111 57.512084 0.589768 -0.222900 0.382944 0.675162
121.600000000 41.904559 2.099548 58.334526 0.146952 -0.376616 0.178211 0.897110
121.800000000 43.323429 -2.752267 59.808970 0.179772 -0.350711 0.190511 0.899105
122.000000000 48.866577 3.110379 54.788581 0.139019 -0.141425 0.423652 0.883850
122.200000000 50.994734 -6.401232 50.367920 -0.544424 0.170445 0.772550 0.278780
122.300000000 50.110373 1.069104 47.121290 -0.510128 0.040703 0.817158 0.265265
122.900000000 70.845283 25.204944 30.216704 -0.345913 0.677807 0.577483 0.295695
123.000000000 67.586344 27.205814 32.039090 -0.607369 0.241541 0.724469 0.218872
123.300000000 79.364858 26.390033 28.348744 0.737902 -0.526851 0.167637 0.387075
123.800000000 85.142353 27.552094 40.000399 -0.182524 0.329491 0.896365 0.233775
124.000000000 89.974730 32.924639 37.346001 -0.133343 -0.445371 0.797979 0.383529
124.800000000 90.290250 33.712236 37.320285 -0.154998 -0.517849 0.768780 0.341738
125.000000000 92.213521 34.220705 30.977489 -0.122166 -0.164087 0.923097 0.325643
125.300000000 83.737758 23.451332 33.542920 -0.635709 0.040806 0.748752 0.183249
125.400000000 90.912175 33.785382 16.110219 -0.185450 -0.753341 -0.340190 0.531372
125.800000000 73.889162 25.485825 29.108463 0.641289 -0.586153 -0.450599 -0.205266
126.000000000 68.816887 22.307168 23.520434 -0.234492 0.420496 0.464320 0.743373
126.100000000 69.929416 21.776783 22.269868 -0.142757 0.494147 0.333881 0.789913
126.300000000 74.860048 21.318149 29.976456 0.654830 0.054543 -0.305055 0.689321
126.400000000 71.733730 14.671772 28.662239 -0.527238 0.076019 0.812302 -0.237502
126.500000000 76.259188 27.234411 33.156290 0.644361 -0.638948 -0.418799 0.033937
126.600000000 76.524545 24.077499 34.595535 -0.094576 0.781822 0.524234 0.324019
127.100000000 78.559623 33.960265 40.802394 -0.290711 0.772390 0.457685 0.330796
127.300000000 74.815614 20.170869 23.259612 0.130245 -0.322485 0.473113 0.809447
127.400000000 73.781158 26.914346 36.156200 -0.240803 0.922925 0.114059 0.277875
127.500000000 69.295623 23.385634 33.212219 -0.580566 0.768515 0.148456 0.224250
127.600000000 66.437450 24.211671 25.498898 -0.250156 -0.258997 0.350632 0.864523
127.700000000 75.267279 27.337438 27.988517 0.272901 -0.651710 0.670709 0.225718
127.900000000 68.766233 18.479657 27.523154 0.456136 -0.299175 0.805260 0.232358
128.100000000 75.093413 16.351048 35.721946 -0.130562 0.968468 -0.110477 0.181159
128.800000000 80.925150 15.703306 45.523053 0.436266 -0.614205 0.615865 -0.230507
128.900000000 81.385945 18.052741 54.557799 -0.290762 0.306382 -0.752287 0.505620
129.400000000 78.465943 26.919981 37.550501 0.372901 0.779591 -0.292612 0.409343
130.200000000 96.984454 29.635362 61.574513 -0.065574 0.936414 -0.206584 0.275955
130.400000000 94.940717 31.052071 62.718813 -0.002874 0.964663 0.124904 0.231981
130.500000000 89.306810 27.125358 61.215102 -0.297990 -0.169166 -0.653706 0.674725
130.600000000 91.336082 30.141778 59.104224 0.131156 -0.550863 -0.219825 0.794371
130.700000000 83.684323 22.946404 61.357235 0.901610 0.153126 -0.386721 0.118735
131.000000000 93.037097 31.067222 63.781407 -0.370607 0.801478 0.306294 -0.355621
131.100000000 93.911538 30.225237 61.963598 0.306162 -0.510830 -0.547645 0.587710
131.400000000 91.459643 32.417094 50.427289 0.430452 0.431808 0.282815 0.740452
131.800000000 100.293129 22.334740 46.799149 -0.097992 -0.440548 -0.066416 0.889890
131.900000000 98.237757 20.325523 48.305832 0.456638 -0.422897 0.190535 0.759168
132.000000000 102.537159 20.628933 45.405295 -0.358902 -0.428897 -0.208070 0.802461
132.100000000 102.858133 17.767680 45.444791 0.139168 -0.556547 0.031493 0.818471
132.300000000 97.371612 15.660157 49.611908 0.390101 -0.253607 0.286938 0.837360
132.400000000 101.975220 9.055626 41.104538 0.696445 0.130986 0.442759 0.549337
132.500000000 100.798749 25.676908 49.930687 0.867967 -0.036735 -0.491252 0.062893
132.800000000 100.655005 25.062288 47.674236 0.866554 0.032092 -0.481899 0.125807
133.000000000 118.042644 27.067905 46.479292 -0.296829 0.751485 -0.588230 0.033891
133.100000000 116.662820 29.095499 49.804608 -0.257572 -0.358823 0.119737 0.889137
133.200000000 112.597323 30.416158 54.112331 0.786332 -0.312469 0.513678 -0.142055
133.300000000 111.282595 30.297456 52.779699 0.810914 -0.576079 0.031736 0.097691
133.400000000 121.759788 37.449751 60.338612 -0.452259 0.738197 -0.041742 -0.498784
133.600000000 131.505732 54.098585 52.625033 0.380470 0.859926 -0.329369 -0.085359
133.800000000 131.911743 66.714286 61.551422 0.335739 0.803542 0.250148 -0.423114
134.700000000 131.678875 62.831928 60.188747 0.942624 0.301311 0.001745 0.143769
134.800000000 132.519267 61.756293 61.966539 0.929772 0.288107 -0.017186 0.228525
135.500000000 132.875305 65.243982 53.236904 0.792950 0.160121 -0.321975 -0.491857
135.600000000 130.833342 68.831107 56.304910 -0.247153 0.457676 -0.321490 0.791260
136.000000000 126.202906 66.750642 57.640734 0.331380 0.095884 -0.071926 0.935853
136.100000000 129.521448 63.286715 55.891652 0.527851 0.537528 -0.010890 0.657509
136.500000000 124.060214 61.547125 52.804499 0.656634 0.079449 0.642477 0.386966
137.200000000 128.139528 58.955466 53.154592 0.655925 -0.619426 0.384881 0.194785
137.300000000 131.646411 63.907116 48.936374 -0.439528 -0.578484 0.459507 0.510906
137.500000000 135.255272 62.105189 53.625493 -0.125383 0.687146 -0.657493 -0.282511
137.700000000 128.078742 56.798387 52.252585 -0.253273 0.838419 0.418627 -0.240121
137.800000000 132.210667 58.913967 47.907113 0.182886 0.968107 0.168611 -0.029872
138.000000000 125.256918 47.877010 49.395793 0.439804 -0.572878 -0.037413 0.690640
138.100000000 130.941844 44.202111 49.114591 -0.230905 0.871366 -0.432626 0.015449
138.800000000 122.065757 41.418537 43.385472 -0.243618 -0.512569 0.525513 0.633845
138.900000000 131.355360 36.207595 44.582280 -0.132303 0.959581 -0.201167 0.145710
139.000000000 131.402250 34.831240 45.110488 0.044411 0.973041 -0.059943 -0.218232
139.100000000 132.536818 30.680110 46.497382 0.106643 -0.794916 0.208436 0.559723
139.300000000 129.405730 37.852176 51.384051 0.310789 -0.187597 -0.472801 0.802918
139.500000000 128.472522 44.592972 55.155175 0.301053 0.183225 0.563552 0.747131
139.700000000 126.951887 43.506133 58.108406 0.549841 0.581455 0.595370 0.071555
139.800000000 131.319520 42.820130 58.535189 0.618345 0.543348 0.562626 0.076648
140.600000000 136.060389 45.073901 56.151832 0.579954 0.768005 0.087440 -0.257247
140.800000000 132.454164 39.583163 57.081192 -0.515293 -0.509600 0.688267 0.032706
141.000000000 133.132022 48.312232 64.814260 -0.073083 -0.609219 0.512335 0.600852
141.100000000 135.135361 47.867827 67.490871 0.611843 -0.123641 0.579323 0.524163
141.300000000 137.097219 51.279700 54.318821 0.555270 -0.522849 0.645487 -0.040629
141.800000000 136.985984 42.755050 60.453701 -0.664812 0.669174 -0.279977 -0.178449
142.000000000 146.142190 40.194773 60.595078 -0.330745 -0.465736 0.766236 0.294245
142.200000000 153.351435 43.652307 60.324020 0.731626 -0.324040 0.547383 0.245139
142.700000000 157.676366 50.895940 49.223627 -0.058828 -0.594120 0.760512 0.255310
142.800000000 167.567658 48.063115 61.340781 0.012477 0.785617 -0.601755 0.143323
143.100000000 171.042641 58.858666 81.935870 -0.595585 0.766400 -0.173400 0.166857
143.300000000 162.337602 65.955938 88.448865 -0.577051 -0.203386 -0.553913 0.564647
143.500000000 163.753655 58.158050 91.396230 -0.574531 0.328317 0.749728 -0.005471
143.600000000 163.104662 60.340368 93.294336 0.958704 -0.123364 0.238157 -0.094599
143.700000000 163.049880 60.833173 95.890504 -0.285173 0.373102 -0.629047 0.619492
144.100000000 163.443980 60.855276 102.255671 -0.353616 0.804196 -0.427162 -0.213907
144.600000000 165.807839 56.868659 101.761357 -0.383737 0.761914 -0.491282 -0.175713
144.700000000 165.775478 59.486715 103.475290 -0.389884 0.740141 -0.528730 -0.143620
144.800000000 162.653522 58.896507 102.988525 -0.491185 0.622426 -0.608198 -0.037656
144.900000000 160.870620 58.185096 104.149485 -0.531860 0.781701 -0.260976 -0.194831
145.000000000 181.383907 69.387979 103.367985 -0.023442 -0.158744 0.408842 0.898387
145.100000000 188.519404 70.022604 93.738275 0.274526 0.218861 0.018644 0.936156
145.300000000 190.556643 77.498461 89.141719 0.706877 -0.606489 -0.293510 0.215287
145.400000000 194.228908 76.853858 92.344616 0.729409 -0.631537 -0.235212 -0.117469
145.900000000 193.124954 77.457156 91.727790 0.695491 -0.639365 -0.292124 0.148888
146.000000000 193.015149 71.728711 92.527060 -0.678288 0.422142 0.260867 0.541913
146.900000000 191.922038 75.253233 83.787166 -0.246315 -0.375155 0.394959 0.801620
147.300000000 195.871821 75.379303 86.568264 0.218789 -0.340376 0.871612 0.276709
147.400000000 190.986264 77.173217 84.068132 0.763953 0.261310 0.476579 0.347800
147.500000000 194.439496 76.720589 89.167694 0.816189 -0.190085 0.338434 -0.427978
147.700000000 195.261487 71.565582 88.738801 0.518444 0.337642 0.743895 0.252652
147.800000000 195.114924 71.717727 90.230096 0.336179 0.581867 0.487403 0.557542
148.000000000 191.642005 64.334280 85.627851 -0.679917 -0.104006 0.681519 0.249855
148.300000000 191.105402 68.198481 77.657636 0.328061 0.656652 0.578097 -0.356354
148.500000000 198.763610 60.096758 84.809064 0.858302 -0.328931 0.290376 -0.266088
149.000000000 195.255845 69.008752 73.032077 -0.101292 0.553342 -0.621869 0.544823
149.200000000 198.651212 68.037180 69.457692 0.670492 -0.253569 0.337975 0.609850
149.500000000 201.885063 73.972987 67.792482 -0.366291 0.031697 0.928273 -0.055996
150.100000000 195.604063 77.550241 77.700877 0.463720 0.663758 0.529614 0.252780
150.200000000 198.783945 62.482977 78.777272 0.804205 0.141752 0.464125 0.343145
150.500000000 187.505534 57.981235 52.445382 -0.151226 0.155406 0.976153 0.010249
151.200000000 189.284778 57.092718 55.865894 -0.043697 0.522103 0.841064 -0.134574
151.300000000 189.287227 54.744064 53.515827 -0.020142 0.187669 0.979707 -0.067451
151.500000000 176.262918 60.018596 44.975699 -0.314437 -0.472796 0.592510 0.571423
152.200000000 154.519231 70.986541 44.985098 0.012453 -0.758841 -0.104348 0.642742
152.300000000 146.320168 65.821572 38.871914 0.078536 -0.758406 -0.182470 0.620772
152.600000000 143.312559 56.554735 46.327304 0.385096 0.015701 0.377781 0.841865
152.700000000 152.062540 68.532747 47.502535 0.200375 0.658769 0.473512 0.549236
152.800000000 153.710047 64.041629 44.510427 0.876321 0.426001 0.224651 0.010826
152.900000000 152.772660 66.319987 45.454806 0.487570 0.250895 0.831827 -0.085972
153.200000000 147.754438 75.570256 58.029637 0.274825 0.452984 -0.436204 0.727326
153.300000000 151.922045 68.257787 45.150173 0.137292 0.122718 0.384495 0.904574
153.400000000 151.913337 77.931104 36.589491 0.315561 0.240119 0.861182 0.318008
153.500000000 145.917656 89.561737 38.349849 -0.338834 0.267958 -0.382331 0.816831
153.600000000 152.126607 79.969815 36.825907 -0.662735 0.463106 -0.046765 0.586625
153.700000000 173.030283 82.802413 40.999823 -0.132490 0.899839 0.060153 0.411240
153.800000000 171.420906 83.017485 41.426381 0.571238 0.570860 0.511600 0.293381
153.900000000 166.354568 89.317499 35.309406 -0.427586 0.857047 -0.092993 0.272017
154.300000000 159.480799 68.123093 33.591631 0.785438 0.350868 0.265264 -0.435447
154.700000000 166.686491 68.260943 52.058056 0.135470 0.005119 0.908589 -0.395080
155.600000000 169.866828 73.652202 50.879601 0.374225 0.306286 0.445383 0.753511
155.900000000 164.856598 71.828455 55.624041 0.626678 0.426985 0.394725 0.518797
156.400000000 158.683920 74.103820 40.255031 0.135384 -0.646827 0.746007 0.082213
157.000000000 152.133441 67.231671 46.005975 -0.377125 0.903370 0.057050 0.196073
157.200000000 151.387080 63.258743 54.934648 -0.636552 0.312651 0.662116 -0.242183
157.800000000 159.495222 71.310912 50.249030 -0.617738 0.369726 0.692073 -0.052314
158.100000000 153.671180 72.896899 54.656448 -0.450813 0.495567 0.698876 0.250508
158.200000000 157.201925 72.861578 44.553652 0.313349 0.407605 0.857673 0.008204
158.300000000 155.904196 70.637443 46.035907 0.815899 0.560271 0.084252 -0.115354
158.600000000 159.097260 77.463029 53.125422 -0.309113 0.644254 -0.518858 -0.469226
159.300000000 156.116229 72.360187 41.931930 -0.521187 -0.636080 0.143936 0.550498
159.400000000 154.120622 72.498363 41.777663 -0.564834 -0.620971 0.127517 0.528296
159.600000000 152.754717 79.129859 48.047864 -0.554985 0.337155 0.232313 0.724119
160.100000000 154.985713 80.027284 56.777065 -0.803427 0.040857 0.167437 0.569912
160.200000000 151.532071 81.863020 60.562881 -0.669979 0.165918 0.703926 -0.167593
160.300000000 160.771958 79.402059 56.744194 -0.064696 -0.191920 0.067597 0.976940
160.400000000 157.962310 70.695859 58.736498 0.700319 0.442365 -0.559901 0.019428
160.600000000 153.452990 72.317210 62.853992 0.440729 0.004579 -0.043673 0.896565
160.700000000 152.727401 68.376633 59.396479 0.835820 -0.343987 -0.099683 0.416103
160.800000000 146.415653 56.326076 59.372428 0.685739 0.073797 0.504039 0.519866
161.000000000 166.643885 61.916990 57.313185 -0.316434 0.636514 0.165258 0.683674
161.100000000 175.951421 66.974290 59.663698 0.302458 0.018991 -0.755444 0.580916
161.200000000 179.906840 67.426690 46.106468 -0.405084 0.700162 0.544561 -0.221661
161.400000000 185.037345 56.697472 51.852186 0.695038 -0.448321 0.455055 -0.329933
161.700000000 194.162275 59.594571 41.017288 0.101726 -0.850560 -0.123732 0.500889
161.800000000 186.600198 56.164520 39.263649 0.762419 -0.399685 0.498285 -0.103352
162.000000000 181.034674 60.988572 28.641032 -0.082104 -0.446308 0.707999 0.541115
162.100000000 189.469138 61.574770 43.873884 -0.555209 0.772903 -0.273590 -0.139692
162.500000000 177.220933 57.835237 28.381079 0.768050 0.245379 -0.488795 -0.333119
162.600000000 162.654093 56.566101 33.277127 0.722379 0.432869 -0.257814 -0.473630
162.800000000 175.160545 64.514579 29.990123 0.439316 0.003526 0.895527 0.070853
163.600000000 170.820878 63.813592 50.609506 0.901643 0.093541 0.348807 -0.237955
163.900000000 164.650436 72.986089 48.738659 0.985478 0.127766 -0.064017 -0.091708
164.000000000 164.451083 77.010696 54.039153 -0.653149 0.725801 0.191545 -0.099602
164.400000000 169.824303 77.503332 42.801188 -0.310465 0.781320 -0.434600 -0.322913
164.500000000 168.340306 69.515245 37.582537 -0.269535 0.796919 -0.393763 -0.370436
164.700000000 170.633508 63.256498 47.043660 -0.101502 0.815193 0.561023 0.102033
164.800000000 162.814694 67.245652 48.557650 0.207571 0.817230 0.118680 0.524370
164.900000000 162.720292 57.285485 42.029209 0.715242 -0.424991 -0.125927 0.540328
165.600000000 175.502100 44.328718 15.700288 0.033821 0.261475 0.908010 0.325583
166.000000000 181.571435 39.775270 6.631204 0.044718 0.986285 -0.001703 0.158869
166.300000000 183.680579 45.695854 3.365538 0.720647 -0.604807 -0.338895 0.005080
166.500000000 176.188167 48.947680 -0.688898 0.475202 -0.005746 -0.655675 0.586719
166.600000000 175.227538 49.578726 -1.472290 0.479536 -0.014624 -0.651277 0.587938
166.700000000 179.928232 49.158364 -1.030512 -0.649847 0.721280 0.152638 0.184814
166.800000000 184.367927 38.576245 11.687061 -0.569971 0.301614 0.703922 -0.297751
166.900000000 192.385114 39.162753 8.460208 0.284040 0.313498 -0.684841 0.593325
167.200000000 202.039681 36.609845 4.578489 0.197685 0.964961 -0.081515 0.152072
168.200000000 194.303066 47.411007 11.523650 0.239484 0.965031 -0.086551 0.062218
168.300000000 195.488988 41.856971 14.461629 0.686891 0.696083 -0.072259 0.196032
168.500000000 188.333265 46.351624 2.637109 0.145651 -0.225827 -0.061543 0.961249
168.800000000 187.948511 39.231008 -0.400483 -0.206253 0.822314 -0.527244 0.057205
168.900000000 184.633041 36.970161 17.951411 -0.460499 0.605977 -0.513930 0.395737
169.100000000 187.477888 13.834667 23.657640 0.823962 0.315221 -0.469166 0.040070
169.400000000 197.444196 14.359910 7.168500 0.422441 -0.674723 0.320130 0.513624
169.700000000 182.749277 16.066318 6.957161 0.684530 0.579971 -0.168082 0.408413
169.800000000 182.391610 18.195813 9.646372 0.693651 0.570199 -0.133940 0.419264
169.900000000 182.436520 19.269600 10.901990 0.657658 0.570251 -0.056320 0.489008
170.100000000 188.041367 15.912554 6.987958 0.198728 0.464183 0.839691 -0.199900
170.200000000 186.643005 17.645781 6.052448 0.843222 0.532924 0.032927 -0.062322
170.500000000 185.981453 16.389287 7.544948 0.862678 0.470778 0.177060 -0.052950
170.600000000 187.982904 16.912561 2.964726 0.851196 0.464380 0.240650 0.043628
170.800000000 200.480296 11.244326 5.316122 0.799696 0.581075 0.121750 -0.089523
170.900000000 198.243212 11.618588 5.843160 0.805353 0.556602 0.203644 0.011362
171.100000000 193.920219 11.490537 -2.631463 0.787900 0.595565 0.102615 0.118266
172.600000000 193.718290 11.552361 -3.590706 0.781118 0.573919 0.166589 0.180883
172.800000000 193.212215 11.671695 -5.946970 0.779902 0.576277 0.159851 0.184675
173.000000000 197.848655 13.703798 -0.939546 0.577626 0.624420 -0.461351 -0.252196
173.100000000 188.581472 16.048664 6.321801 0.462217 0.229692 0.623128 0.587629
173.200000000 195.880366 16.383008 2.059843 -0.381630 -0.583061 0.665197 0.268162
173.600000000 193.963213 17.125248 5.860869 -0.268642 -0.518148 0.753928 0.301574
174.000000000 187.533578 15.236425 3.528671 0.851656 0.464532 0.040349 -0.239297
174.500000000 187.543051 14.664574 5.054678 0.841924 0.470475 0.028025 -0.262739
174.600000000 188.034020 13.226078 7.241681 0.837958 0.463900 0.011565 -0.287210
174.800000000 189.333038 10.444765 12.272839 0.785846 0.478505 -0.070890 -0.385297
175.000000000 185.048602 17.470713 3.234103 0.791718 0.494289 -0.064193 -0.353187
175.100000000 188.909478 12.544564 7.447541 0.838335 0.466076 0.020428 -0.282046
175.200000000 189.222800 13.044763 4.661316 0.858642 0.458601 0.040322 -0.225374
175.400000000 191.943405 7.743324 15.974198 0.839596 0.496245 0.041261 -0.217063
175.500000000 192.194674 13.052771 5.402579 0.890122 0.281374 0.208941 0.291298
175.600000000 172.833238 18.255917 -2.237519 0.862955 0.389981 0.285257 0.147825
176.000000000 174.434787 -9.742336 -11.435185 -0.240818 0.396012 0.811432 0.356033
176.100000000 177.713982 -5.622830 -10.070255 -0.133196 0.514736 0.800213 0.277426
176.500000000 176.946055 -6.602483 -9.675746 -0.139816 0.502706 0.804709 0.283163
176.700000000 172.702604 -7.859904 -7.613746 -0.167169 0.363640 0.745375 0.533138
176.900000000 172.055020 0.297371 -9.194642 -0.166406 0.751248 0.470806 -0.431597
177.200000000 173.192970 -5.515489 -8.653626 -0.086573 0.744948 -0.532277 -0.392733
177.500000000 168.625321 -1.780903 -9.940966 0.441237 -0.539732 0.587223 0.411301
177.800000000 172.490489 -8.648050 -13.571488 0.716127 0.597535 0.337805 -0.126494
178.100000000 175.922245 -11.196333 -11.290917 -0.165756 0.701296 -0.608528 -0.332270
178.500000000 178.543384 -8.868697 -7.922769 -0.499878 0.700798 0.485619 -0.152247
178.600000000 179.806553 -11.002409 -8.401467 -0.065532 0.916589 0.165310 0.358109
178.700000000 188.378165 -17.976811 -5.894392 0.193599 0.232076 -0.037805 0.952487
178.900000000 177.827179 -24.589993 1.369744 0.055559 0.997678 0.039193 -0.003875
179.500000000 190.334969 -28.079902 -6.542497 0.077068 -0.408429 0.172014 0.893117
179.900000000 185.827330 -23.107787 -10.810574 0.634205 0.731517 0.112014 0.223877
180.000000000 185.882545 -23.207159 -10.866887 0.634282 0.730103 0.113249 0.227618
180.100000000 184.439238 -23.928251 -10.306011 0.656224 -0.494975 -0.542966 0.171923
180.300000000 185.060610 -30.353087 -14.596604 0.765962 0.583068 0.208784 -0.172463
180.400000000 185.227925 -23.165254 -10.629410 0.363264 0.405557 0.041051 0.837781
180.900000000 196.267542 -17.107112 -6.489226 0.148063 0.264707 -0.418218 0.856213
181.100000000 197.477847 -14.391567 -5.641084 0.283596 0.243997 -0.234334 0.897288
181.400000000 208.798763 -18.098509 -5.570238 -0.200376 -0.168827 0.914954 -0.306930
181.700000000 193.383472 -18.243838 9.068636 0.242772 0.188981 0.951280 -0.020341
182.400000000 195.842819 -13.405727 13.935626 0.244303 0.186277 0.951536 0.014025
182.500000000 199.364401 -18.491761 10.494527 0.604428 -0.176435 0.776290 0.030175
182.700000000 204.918774 -26.648358 5.860746 -0.233736 0.892843 0.147119 0.355745
182.800000000 196.464333 -21.080935 0.852936 -0.274049 0.753387 0.207039 0.560749
183.900000000 205.179558 -59.139772 21.491656 0.203030 0.791287 0.072535 0.572174
184.000000000 205.372958 -59.557959 21.263597 0.210142 0.792042 0.058873 0.570126
184.100000000 204.960770 -59.791732 21.290709 0.214738 0.792881 0.050764 0.568023
184.200000000 204.558495 -59.780859 21.418082 0.223864 0.791751 0.038954 0.567007
184.600000000 205.075936 -57.176462 22.305305 0.160041 0.784048 0.145861 0.581704
184.700000000 204.561365 -59.817443 21.411241 0.206112 0.791035 0.065975 0.572214
184.900000000 201.060109 -62.290510 21.574850 0.328475 0.776813 -0.136036 0.519769
185.500000000 206.989397 -56.311398 22.115584 0.094692 0.759778 0.246474 0.594156
185.600000000 203.352292 -58.929632 22.179471 0.173878 0.784868 0.128044 0.580822
186.300000000 203.860698 -59.348232 21.723066 0.233156 0.787985 0.024898 0.569296
186.500000000 203.894230 -59.912830 21.491331 0.184446 0.786311 0.092278 0.582391
186.700000000 200.804148 -57.883679 23.466703 0.183470 0.779530 0.130136 0.584582
186.800000000 200.216644 -58.478406 23.396865 0.199221 0.782099 0.105189 0.581006
186.900000000 200.038850 -58.593573 23.254674 0.234769 0.784532 0.033205 0.572966
187.400000000 198.446901 -57.851376 23.811536 0.027237 0.748362 0.285798 0.597940
188.900000000 212.094049 -68.074701 20.088817 0.412837 0.689679 0.112163 0.584233
189.200000000 211.948879 -67.647855 20.049799 0.302435 0.744077 0.203613 0.559843
189.400000000 210.063159 -68.575505 17.020715 -0.221173 0.421326 0.602230 0.641004
189.500000000 204.651137 -70.317447 16.022644 -0.188938 0.437301 0.610241 0.632990
189.600000000 208.650545 -69.480665 17.880913 0.330948 0.828011 0.311801 0.328102
190.000000000 212.932317 -71.024093 15.566929 0.364271 0.815276 0.202463 0.402046
190.100000000 216.509176 -80.203626 14.562188 0.337738 0.092041 -0.706345 0.615254
190.200000000 213.914733 -83.070606 14.287190 0.203227 0.070981 -0.647776 0.730785
190.300000000 204.839841 -64.430185 15.652294 0.213775 0.639252 0.555333 0.487096
190.600000000 206.476628 -70.342353 13.094838 0.256806 0.676078 0.594468 0.351534
190.700000000 212.633817 -81.086295 14.687234 0.105806 0.521945 -0.104237 0.839948
191.300000000 212.644302 -80.901520 14.583876 0.092717 0.435563 -0.170653 0.878958
191.500000000 215.158626 -79.447348 14.684303 -0.064812 0.193350 -0.279546 0.938227
191.700000000 214.498602 -82.744714 13.804854 -0.454248 0.103661 0.479868 0.743398
191.900000000 213.748496 -81.893220 14.862671 0.053424 0.243919 -0.350511 0.902658
192.100000000 215.238228 -81.764034 14.762689 -0.638942 -0.425275 0.639237 0.047646
192.200000000 214.893957 -81.743089 14.773434 -0.546553 -0.359794 0.728831 0.201579
192.700000000 214.410148 -81.390911 15.129427 -0.549229 -0.162168 0.783050 0.242655
192.800000000 213.881601 -82.181490 14.840885 -0.538906 -0.159451 0.790846 0.242317
192.900000000 213.069252 -83.598433 13.987267 -0.528591 -0.142857 0.796749 0.255686
193.000000000 212.491014 -83.522914 14.228425 -0.492314 -0.196600 0.813810 0.238095
193.300000000 216.096626 -78.101093 16.472050 -0.217004 -0.491942 0.840409 0.067934
193.400000000 215.029917 -79.696669 16.153108 -0.225225 -0.516629 0.824202 0.055311
193.900000000 216.520534 -80.368259 16.351470 -0.297346 -0.381486 0.872322 0.071466
194.000000000 216.497329 -82.447846 16.684833 -0.607994 -0.350190 0.711878 0.030653
194.400000000 211.081397 -78.824255 16.987602 -0.483422 -0.209039 0.817671 0.232423
194.600000000 212.908057 -79.130886 18.301280 0.790633 0.131186 -0.593926 -0.070298
194.700000000 213.705440 -80.639982 17.810228 0.762833 0.125604 -0.629537 -0.077419
195.100000000 209.450261 -78.459515 19.793286 0.866350 0.012464 -0.482456 -0.128524
195.500000000 210.396980 -77.900281 19.734259 0.750816 -0.034050 -0.640968 -0.155807
195.700000000 212.005944 -76.627048 19.624890 0.755278 -0.014630 -0.633416 -0.167707
195.900000000 213.596757 -80.944633 17.964947 0.799640 0.110253 -0.583525 -0.088982
196.200000000 204.620708 -79.018076 19.125070 0.752255 0.008503 -0.645162 -0.133442
196.500000000 202.784443 -84.080301 18.022646 0.723396 -0.057755 -0.665484 -0.174626
196.600000000 209.223229 -70.513878 17.351989 -0.390861 -0.122536 0.847104 0.338565
196.700000000 210.504858 -67.167752 20.328530 -0.396484 -0.358075 0.750393 0.389220
196.900000000 211.632266 -67.659966 18.954458 -0.362362 -0.307876 0.780237 0.406370
197.300000000 211.831146 -67.734019 19.103970 -0.284186 -0.210346 0.817257 0.455065
197.600000000 208.502020 -67.513104 24.369614 -0.175187 0.004015 0.877856 0.445715
