9.200000000 0.000000 0.000000 0.000000 0.000000 -0.000000 -0.000000 1.000000
9.600000000 -0.029795 -0.521342 0.837418 0.003492 -0.000532 -0.001323 0.999993
9.800000000 -0.047898 0.072907 -0.086797 -0.005816 -0.022035 0.024181 0.999448
10.000000000 -0.068591 0.267735 -0.106053 -0.016932 -0.022203 0.023962 0.999323
10.100000000 -0.091323 0.544230 0.110772 -0.028273 -0.022079 0.024397 0.999059
10.700000000 0.114062 -0.515397 0.537621 -0.004790 -0.024199 -0.014960 0.999584
10.900000000 -1.872670 0.189386 -1.328487 -0.023624 0.110822 0.239839 0.964177
11.000000000 -2.983444 -0.542390 -0.972870 -0.032724 0.184215 0.389658 0.901754
11.300000000 -0.849736 1.335922 1.229636 0.419957 -0.182127 -0.264175 0.848927
11.600000000 0.316541 4.363374 -3.289015 -0.440180 0.765765 0.463754 0.069127
11.900000000 5.216366 13.500122 -7.438775 -0.306037 0.831026 0.315137 -0.341212
12.200000000 4.689043 7.570998 -3.065618 -0.332397 -0.643326 -0.345099 0.597119
12.500000000 5.520945 12.837087 -9.157296 -0.286048 0.881558 0.297111 -0.229688
12.600000000 7.416008 15.546890 -8.587011 0.651763 -0.493134 -0.508060 -0.271844
12.700000000 7.509941 15.474415 -8.014940 0.598504 -0.589388 -0.398138 -0.368647
12.800000000 6.859589 14.821339 -4.477864 -0.639141 0.710155 0.288781 0.061518
12.900000000 7.664914 15.927282 -10.037505 0.632212 0.418851 0.641038 -0.118075
13.000000000 7.756472 16.125741 -8.785540 0.645124 -0.504708 -0.496567 -0.287240
13.300000000 6.928689 15.756701 -10.321855 0.322388 0.398622 0.858371 -0.019099
13.500000000 4.056481 11.777116 -7.266485 -0.593401 0.728354 0.330515 -0.090198
13.800000000 8.994016 16.597624 -9.997001 -0.438700 -0.554076 0.476294 0.523150
14.300000000 9.230846 17.295497 -9.671195 -0.475161 -0.396586 0.359253 0.698483
14.500000000 10.364652 16.712496 -9.845599 0.597572 0.497403 -0.411308 -0.475735
14.800000000 12.772244 18.792593 -10.415792 0.013837 -0.690666 0.229430 0.685675
15.000000000 11.903717 13.883952 -8.522706 0.785033 0.354785 0.491372 -0.128082
15.400000000 8.410260 14.832954 -10.273955 -0.507522 -0.622213 0.038248 0.594819
15.600000000 12.236859 13.857935 -8.836723 0.632927 0.354202 0.652792 -0.218647
16.200000000 13.376027 12.474978 -13.914843 0.836158 0.521945 -0.139670 -0.094367
16.300000000 8.636993 11.745720 -4.717493 0.779649 0.242194 0.397453 -0.418953
16.700000000 9.045471 12.865930 -6.043753 -0.734443 -0.258166 -0.370155 0.506881
16.900000000 7.606817 14.577320 -2.405347 -0.423348 0.769419 0.224067 0.422570
17.100000000 8.055235 16.267685 -4.949209 0.915147 0.264774 -0.149885 -0.264453
17.300000000 16.267633 24.115912 -1.578724 -0.051140 0.501455 0.787701 -0.354195
17.800000000 10.495306 27.075829 -13.285774 0.776949 0.093499 0.483128 -0.392677
18.100000000 10.549371 9.439133 -8.549246 -0.699006 -0.086602 0.443261 0.554447
18.400000000 1.303266 12.182633 -10.180846 -0.472855 0.493077 -0.257321 0.683424
19.700000000 9.066653 7.767546 2.190189 -0.157975 -0.373201 0.641824 0.651019
19.800000000 7.253150 8.281259 9.161540 0.341851 -0.162034 0.615012 0.691840
19.900000000 9.792609 8.569721 6.211561 0.342866 -0.107371 0.674165 0.645303
20.000000000 22.481474 9.721339 3.170654 0.773839 0.283955 -0.347332 0.447106
20.300000000 7.936491 8.426137 12.230585 0.343937 0.037988 0.364339 0.864593
20.800000000 16.785064 7.734901 13.179655 0.668821 0.174830 0.079012 0.718241
21.800000000 13.374201 30.345931 -0.017693 -0.312911 0.327779 -0.265334 0.851026
21.900000000 10.299937 11.737287 8.637451 0.480185 0.678952 0.445899 0.331090
22.000000000 6.970837 25.982988 4.921151 0.350901 0.122611 -0.111243 0.921662
22.100000000 12.396309 30.370336 -0.315856 -0.461132 -0.119315 -0.282083 0.832797
22.500000000 14.076481 5.765004 10.460445 0.650643 0.629942 0.161949 0.391930
22.800000000 15.671847 0.816755 6.803257 -0.308602 0.002237 0.827749 0.468605
23.300000000 10.789924 19.053981 8.909030 0.774628 0.489804 0.251880 0.310805
23.400000000 -5.756670 40.043344 6.555455 0.745411 0.311690 0.172843 0.563327
23.600000000 3.315136 18.199249 -6.929669 0.327052 -0.178516 -0.179447 0.910477
23.800000000 9.896470 -16.361731 4.932200 -0.340393 -0.065642 0.916682 -0.198789
23.900000000 22.492865 -36.985259 -14.413080 -0.517260 0.679043 0.496673 -0.157030
24.000000000 18.376863 -11.167508 43.049253 -0.031959 0.434317 -0.388766 0.811917
24.100000000 -4.229041 -36.608676 28.470802 0.426164 -0.083727 -0.603178 0.668992
24.200000000 -7.213711 -47.121831 38.479155 0.422839 0.070096 0.304005 0.850808
24.900000000 -10.052122 -51.779341 38.342464 0.733418 -0.031105 0.020981 0.678742
25.200000000 -19.841546 -35.486829 33.349288 0.192481 0.082962 -0.136813 0.968169
25.300000000 -10.224622 -54.032008 30.863449 0.894161 -0.218024 -0.312554 0.235057
25.600000000 -17.524693 -45.407726 19.309512 0.859981 -0.021141 -0.076376 0.504135
26.100000000 -14.370572 -45.355483 18.003779 0.723835 0.000085 0.087124 0.684450
26.200000000 -25.815231 -37.255678 25.425599 0.519936 -0.292487 0.124348 0.792878
26.300000000 -11.485925 -55.708253 28.557970 -0.047771 -0.577892 0.273033 0.767601
26.400000000 -14.677147 -51.099983 35.608117 0.154612 -0.457548 0.247689 0.839878
26.600000000 -14.232364 -55.045219 24.775288 0.839103 -0.210633 -0.472475 0.168247
26.700000000 -26.480370 -62.312702 34.066575 0.191330 0.473117 0.188681 0.839019
26.900000000 -23.210516 -67.383412 32.277428 0.096154 0.468591 0.278657 0.832783
27.000000000 6.923316 8.794055 53.657952 -0.632124 0.325123 0.681349 0.174579
27.200000000 -21.380938 -39.974628 21.661454 -0.075629 0.178242 0.110313 0.974854
27.600000000 -13.363915 -47.887776 16.835976 -0.111160 -0.553053 0.111414 0.818146
27.700000000 -4.775229 -44.479375 22.792426 0.374133 -0.031463 0.168771 0.911346
27.800000000 -24.324239 -41.474706 21.189201 0.225705 -0.016586 0.973662 -0.027650
28.300000000 -25.368550 -37.274631 23.925100 0.274653 -0.110999 0.953527 0.055062
28.600000000 -12.432986 -57.652325 6.776042 0.124906 0.754739 0.046974 0.642309
28.700000000 -23.013905 -72.190115 9.727896 0.249508 -0.351929 -0.616240 0.658892
28.800000000 -16.454878 -61.906032 8.054054 -0.017866 0.953791 0.123491 -0.273338
29.000000000 -21.060306 -61.529386 13.612804 0.955055 0.284937 0.023590 -0.078256
29.100000000 -17.181947 -64.492559 7.096296 0.252518 0.848952 0.464182 0.007129
29.200000000 -16.451969 -60.098109 0.870472 -0.368913 0.902916 -0.008767 -0.220385
29.800000000 -17.746740 -51.130747 29.530574 0.439434 0.359119 0.216137 0.794491
29.900000000 -22.262261 -48.484521 20.548581 0.484731 0.218645 0.724615 0.438364
30.100000000 -21.011604 -58.747906 -1.295633 -0.190775 -0.761007 -0.187247 0.591110
30.200000000 -12.959423 -55.478267 -0.206690 0.434519 0.691153 -0.323695 -0.478250
30.400000000 -23.582135 -67.492227 -9.549133 0.148153 -0.622857 -0.033166 0.767463
30.600000000 -30.996388 -63.610556 -5.248236 -0.147371 -0.706955 0.379450 0.578371
30.700000000 -12.391822 -72.547614 -10.727282 -0.776038 0.082120 -0.252752 0.571960
30.800000000 -16.926062 -58.575187 -22.143303 -0.413297 0.211345 0.863320 0.197983
31.000000000 -31.255002 -62.638059 -27.299260 -0.352375 0.829587 0.433043 0.009564
31.400000000 8.083806 -83.956072 -5.475802 -0.179048 0.860988 0.221908 -0.421186
31.500000000 -21.098518 -74.247673 -19.289459 -0.021125 0.762430 0.580157 -0.285784
31.600000000 -50.269785 -71.977122 -13.304301 0.909089 0.027580 -0.378122 0.172684
32.100000000 -48.291614 -72.900762 -7.904320 0.619631 0.420794 -0.477858 0.458957
32.400000000 -49.540323 -84.736798 -3.687288 -0.096019 0.584301 0.632904 0.498804
32.500000000 -44.255678 -85.049765 2.970512 -0.003392 0.622549 0.778414 -0.080574
32.600000000 -50.104371 -83.271476 -0.912301 0.067986 -0.214864 -0.180670 0.957377
32.800000000 -63.951406 -87.440947 -9.804777 -0.296033 -0.254812 0.504758 0.769840
32.900000000 -39.408724 -92.388789 -11.003459 -0.003265 -0.451164 0.273338 0.849545
34.000000000 -45.341377 -88.760981 -15.861612 0.032440 -0.440023 0.344146 0.828789
34.100000000 -51.935650 -82.445067 -13.238053 0.116869 -0.215917 0.170305 0.954315
34.500000000 -56.490515 -86.941377 -8.881344 -0.049841 -0.048702 0.404710 0.911786
34.600000000 -46.856007 -88.128250 -1.014082 0.327958 0.105527 -0.377533 0.859521
34.700000000 -44.587598 -90.413120 1.890983 0.301023 0.152699 -0.374509 0.863604
34.900000000 -31.977799 -68.572305 -20.177493 0.864585 -0.311831 0.318423 -0.232079
35.000000000 -35.859781 -64.855942 -10.466555 0.325536 0.365005 0.871997 -0.020494
35.400000000 -28.104737 -86.648901 -6.010166 -0.223132 -0.273841 0.127771 0.926768
35.500000000 -28.890368 -91.055049 -6.976354 0.561065 -0.254952 0.546143 0.567391
35.600000000 -21.856764 -87.906307 -3.254091 0.287241 0.843939 0.453053 0.001572
35.800000000 -22.144718 -87.940172 -3.769223 0.928561 -0.152347 -0.207665 0.267285
36.100000000 -24.975510 -86.739533 -4.910425 0.045557 0.175250 -0.179349 0.966978
36.200000000 -32.730259 -73.835650 -10.434774 0.540093 -0.096432 0.320078 0.772367
36.300000000 -29.036630 -80.330409 -2.844927 0.443369 -0.549169 0.057672 0.706053
36.500000000 -13.155166 -83.150008 -16.557444 -0.434678 0.250947 0.610819 0.612356
36.700000000 -16.680740 -84.051053 -8.563687 -0.258931 0.739382 0.551685 0.286204
36.800000000 -15.511568 -85.079056 -16.598345 -0.520016 0.504910 -0.443689 0.527057
37.000000000 -12.945000 -92.895924 -27.480082 0.167701 0.766581 -0.423781 -0.452372
37.200000000 -16.288471 -67.001255 -9.558430 0.846459 0.373305 0.362679 -0.112314
37.300000000 -13.749867 -80.056732 -20.933788 0.563899 -0.182100 -0.407077 0.695087
37.500000000 -6.408670 -94.279669 -27.949136 0.157833 -0.215942 -0.408472 0.872702
37.900000000 -9.186422 -85.393246 -39.780116 -0.553010 0.666450 0.358563 -0.348506
38.000000000 -10.812015 -82.684687 -37.958339 -0.431316 0.700965 0.343869 -0.452071
38.200000000 -17.118019 -82.392058 -39.289620 -0.346801 0.430958 0.549727 0.625943
38.500000000 -10.489430 -61.544400 -45.764211 0.033626 -0.630130 0.419086 0.652819
39.000000000 0.933457 -72.123191 -61.548466 0.881831 0.160145 0.192441 0.399618
40.000000000 0.788340 -71.464397 -62.767667 0.876374 0.114483 0.204870 0.420584
40.200000000 1.251916 -72.004939 -64.778155 0.889854 0.124263 0.210992 0.384969
40.300000000 4.135060 -84.852315 -67.919186 0.070906 0.164006 0.883495 0.433025
40.800000000 5.135156 -83.130153 -32.894900 0.831072 0.240252 0.407562 0.292390
41.300000000 -4.052865 -85.527381 -34.408971 0.195438 0.624765 0.593927 0.467679
41.400000000 -0.434721 -79.679992 -37.243443 0.236947 0.922642 0.107730 0.284573
41.800000000 -23.579883 -82.655510 -40.579611 -0.090002 0.461903 0.516764 0.715192
42.400000000 -14.771445 -91.771764 -19.814648 -0.572808 0.074637 0.756091 -0.307648
42.500000000 -2.867405 -88.638581 -43.683847 0.617829 -0.533817 -0.274626 0.507846
42.700000000 18.998039 -81.078309 -44.271374 -0.234957 0.882600 0.407122 0.007989
42.800000000 18.791263 -73.046752 -50.048649 -0.284051 0.806001 0.400960 -0.330014
43.000000000 24.179371 -83.767137 -47.353470 0.408833 0.547743 0.621427 0.382965
43.200000000 30.007098 -101.639157 -42.586394 0.401463 0.091540 0.874234 0.257223
43.500000000 31.531580 -79.909896 -37.877851 -0.530140 0.734434 -0.107953 -0.409762
43.700000000 35.442284 -85.415045 -58.817079 -0.076413 -0.033980 0.023141 0.996228
43.800000000 32.524900 -92.271250 -58.149837 -0.393471 0.144125 0.545001 0.726211
43.900000000 36.650721 -94.424582 -58.215028 -0.617660 -0.125571 0.622894 0.463391
44.200000000 28.688093 -95.955785 -60.786491 -0.410455 0.080470 0.422793 0.803926
44.700000000 29.924708 -82.906683 -53.757355 0.190061 0.206858 -0.412324 0.866646
44.800000000 49.363506 -81.861650 -51.918491 -0.108765 0.377120 0.136641 0.909549
45.000000000 47.102122 -85.398169 -52.714008 -0.401414 0.271873 0.378210 0.788612
45.100000000 52.693065 -70.725814 -53.003769 0.137000 0.161016 -0.610871 0.762982
45.400000000 69.549124 -75.749845 -55.500564 -0.434361 0.202617 0.341206 0.808614
45.600000000 52.701923 -55.632902 -50.581339 -0.572013 0.307764 -0.213706 0.729666
45.700000000 69.073626 -62.378687 -50.370011 -0.407498 0.301225 0.850897 0.138501
45.800000000 38.648029 -52.925455 -65.847600 0.814505 -0.535636 0.201561 0.095125
45.900000000 38.192951 -86.359736 -59.837895 0.387179 0.004261 -0.135964 0.911914
46.100000000 42.203265 -78.057350 -65.907123 -0.456931 -0.361051 0.404365 0.705227
46.700000000 30.804028 -72.121958 -45.267140 -0.258768 -0.512534 0.775659 0.262109
46.800000000 34.198534 -73.193053 -49.630718 0.318269 0.174078 0.928734 0.076517
47.000000000 20.325027 -66.311660 -65.096948 -0.664433 0.227127 -0.233648 0.672570
47.100000000 34.699866 -57.424910 -56.725911 0.716870 0.467166 0.296027 0.424525
47.400000000 16.549539 -54.079188 -20.825353 -0.111681 0.065810 0.909078 -0.395946
