44.800000000 -3.394175 2.008751 -0.499397 0.014028 0.745233 0.008356 0.666604
44.900000000 -3.885929 2.275881 -0.478346 0.007680 0.741787 0.004874 0.670574
45.000000000 -4.369915 2.543469 -0.457418 0.002193 0.739001 0.002320 0.673697
45.100000000 -4.848690 2.814977 -0.435486 -0.001215 0.737680 0.000940 0.675148
45.200000000 -5.324600 3.092542 -0.414561 -0.002243 0.738257 0.001599 0.674514
45.300000000 -5.796549 3.376151 -0.392946 -0.003027 0.740521 0.006553 0.671994
45.400000000 -6.260580 3.664514 -0.370926 -0.002475 0.743080 0.013915 0.669054
45.500000000 -6.715252 3.955548 -0.349712 -0.001275 0.745313 0.023235 0.666309
45.600000000 -7.157230 4.245537 -0.327030 0.003906 0.746775 0.030035 0.664386
45.700000000 -7.588437 4.530843 -0.305128 0.009160 0.748392 0.036369 0.662196
45.800000000 -8.010540 4.807548 -0.278051 0.013815 0.751286 0.042509 0.658462
45.900000000 -8.420624 5.074504 -0.254213 0.018650 0.754984 0.047184 0.653777
46.000000000 -8.817711 5.329189 -0.228391 0.022743 0.759679 0.051399 0.647865
46.100000000 -9.200313 5.570307 -0.203429 0.025219 0.765070 0.055827 0.641027
46.200000000 -9.565268 5.797087 -0.180608 0.027167 0.770926 0.059400 0.633567
46.300000000 -9.909290 6.009335 -0.159873 0.028833 0.776854 0.062151 0.625943
46.400000000 -10.227492 6.204423 -0.138983 0.029001 0.782559 0.065391 0.618453
46.500000000 -10.515470 6.382226 -0.118187 0.028516 0.787017 0.067694 0.612542
46.600000000 -10.772013 6.543337 -0.105057 0.027223 0.789820 0.069280 0.608805
46.700000000 -10.994210 6.687385 -0.096390 0.025388 0.790809 0.069426 0.607583
46.800000000 -11.182821 6.814963 -0.091618 0.023060 0.790307 0.068523 0.608431
46.900000000 -11.339589 6.927271 -0.089700 0.020496 0.788942 0.066936 0.610467
47.000000000 -11.466621 7.025678 -0.090697 0.017805 0.787162 0.065007 0.613052
47.100000000 -11.565573 7.111247 -0.092827 0.015062 0.785352 0.063101 0.615640
47.200000000 -11.637819 7.185432 -0.099126 0.012541 0.783623 0.061246 0.618083
47.300000000 -11.684365 7.248946 -0.107350 0.010241 0.782127 0.059575 0.620179
47.400000000 -11.706169 7.302592 -0.116954 0.008256 0.780883 0.058018 0.621922
47.500000000 -11.704046 7.347088 -0.128175 0.006697 0.779909 0.056697 0.623283
47.600000000 -11.677802 7.383350 -0.141882 0.005463 0.779279 0.055713 0.624172
47.700000000 -11.627819 7.411567 -0.157240 0.004526 0.778764 0.055061 0.624880
47.800000000 -11.554201 7.431841 -0.174782 0.003874 0.778310 0.054625 0.625488
47.900000000 -11.457213 7.444348 -0.194233 0.003684 0.777945 0.054122 0.625987
48.000000000 -11.338216 7.449456 -0.215728 0.003860 0.778157 0.053958 0.625736
48.100000000 -11.196396 7.446913 -0.237984 0.004295 0.778845 0.054116 0.624863
48.200000000 -11.030813 7.436453 -0.261095 0.004851 0.779542 0.054370 0.623966
48.300000000 -10.840513 7.417578 -0.287284 0.005076 0.779717 0.054706 0.623718
48.400000000 -10.623332 7.389514 -0.316554 0.005193 0.779158 0.054587 0.624425
48.500000000 -10.379571 7.352140 -0.348154 0.004588 0.777636 0.054187 0.626359
48.600000000 -10.109907 7.305231 -0.383268 0.003616 0.775242 0.053147 0.629414
48.700000000 -9.814996 7.248974 -0.418602 0.001999 0.771595 0.051424 0.634029
48.800000000 -9.495953 7.183775 -0.459492 -0.000081 0.766947 0.049006 0.639837
48.900000000 -9.156399 7.111016 -0.503480 -0.002672 0.761602 0.046216 0.646390
49.000000000 -8.798624 7.031628 -0.546454 -0.005180 0.756006 0.042932 0.653135
49.100000000 -8.426641 6.947333 -0.593010 -0.007354 0.750900 0.039660 0.659183
49.200000000 -8.044728 6.859984 -0.635103 -0.009203 0.746657 0.036954 0.664118
49.300000000 -7.655505 6.770726 -0.676451 -0.010396 0.744082 0.035086 0.667085
49.400000000 -7.260986 6.680314 -0.717156 -0.010453 0.743568 0.033746 0.667726
49.500000000 -6.862173 6.589265 -0.759866 -0.009863 0.745187 0.033643 0.665933
49.600000000 -6.459238 6.497578 -0.801708 -0.008234 0.748944 0.034176 0.661700
49.700000000 -6.047909 6.403913 -0.842868 -0.006313 0.754410 0.035666 0.655404
49.800000000 -5.623775 6.306787 -0.882225 -0.004452 0.760306 0.037473 0.648468
49.900000000 -5.180626 6.204404 -0.923347 -0.003306 0.764936 0.038863 0.642925
50.000000000 -4.713532 6.095414 -0.966319 -0.003308 0.767295 0.039424 0.640073
50.100000000 -4.221175 5.979722 -1.012157 -0.003720 0.767293 0.038404 0.640135
50.200000000 -3.705031 5.858355 -1.058381 -0.005005 0.765987 0.037240 0.641757
50.300000000 -3.168512 5.732265 -1.107933 -0.006448 0.764091 0.035707 0.644087
50.400000000 -2.614094 5.602555 -1.158215 -0.007888 0.762433 0.034308 0.646109
50.500000000 -2.042722 5.470141 -1.208670 -0.009202 0.760977 0.033075 0.647870
50.600000000 -1.454311 5.335145 -1.259489 -0.010566 0.759412 0.031897 0.649742
50.700000000 -0.848980 5.197630 -1.310997 -0.012088 0.757564 0.030859 0.651919
50.800000000 -0.227488 5.059085 -1.359312 -0.013610 0.755300 0.029723 0.654563
50.900000000 0.409162 4.918719 -1.409981 -0.015522 0.752623 0.029006 0.657630
51.000000000 1.059492 4.777709 -1.459919 -0.017259 0.750169 0.028266 0.660416
51.100000000 1.721725 4.636306 -1.510145 -0.018778 0.748005 0.027724 0.662848
51.200000000 2.395547 4.495199 -1.559326 -0.020434 0.745780 0.027278 0.665320
51.300000000 3.080839 4.354073 -1.607711 -0.022126 0.743494 0.027044 0.667829
51.400000000 3.776572 4.213959 -1.652544 -0.023679 0.741009 0.026411 0.670558
51.500000000 4.481418 4.074140 -1.700320 -0.025383 0.738119 0.026114 0.673686
51.600000000 5.195392 3.936410 -1.744087 -0.027458 0.734872 0.025965 0.677152
51.700000000 5.916309 3.799913 -1.789678 -0.029696 0.730805 0.025542 0.681461
51.800000000 6.644944 3.665030 -1.833645 -0.032137 0.725938 0.025106 0.686550
51.900000000 7.376747 3.532462 -1.879265 -0.034634 0.721083 0.024977 0.691532
52.000000000 8.110572 3.403382 -1.919758 -0.036989 0.716065 0.024696 0.696615
52.100000000 8.842107 3.278155 -1.959889 -0.039098 0.711568 0.024806 0.701090
52.200000000 9.569309 3.157231 -1.998907 -0.040902 0.706968 0.024742 0.705628
52.300000000 10.290306 3.041024 -2.033266 -0.042610 0.703262 0.025137 0.709207
52.400000000 11.001692 2.929645 -2.070206 -0.043671 0.700816 0.025858 0.711535
52.500000000 11.703271 2.823362 -2.106058 -0.044190 0.699624 0.026806 0.712639
52.600000000 12.394822 2.721608 -2.142070 -0.044472 0.699901 0.028382 0.712289
52.700000000 13.079047 2.624115 -2.175988 -0.044648 0.700134 0.029967 0.711984
52.800000000 13.756466 2.529880 -2.209410 -0.044911 0.700681 0.031733 0.711352
52.900000000 14.429972 2.438289 -2.241883 -0.045518 0.699911 0.033069 0.712011
53.000000000 15.099556 2.348817 -2.274532 -0.046387 0.697854 0.033729 0.713940
53.100000000 15.764157 2.262180 -2.303466 -0.047661 0.694758 0.034188 0.716848
53.200000000 16.419274 2.178710 -2.333866 -0.048716 0.691328 0.034380 0.720077
53.300000000 17.067052 2.097738 -2.364056 -0.049516 0.687731 0.033965 0.723478
53.400000000 17.700825 2.020781 -2.392851 -0.050047 0.685119 0.034046 0.725912
53.500000000 18.319260 1.947776 -2.424102 -0.050364 0.684134 0.034654 0.726790
53.600000000 18.922605 1.878602 -2.451842 -0.050435 0.684380 0.035743 0.726501
53.700000000 19.512010 1.812857 -2.478175 -0.050466 0.685467 0.037174 0.725401
53.800000000 20.089877 1.749616 -2.509185 -0.050446 0.686377 0.038145 0.724490
53.900000000 20.656996 1.688731 -2.536925 -0.050262 0.686951 0.038861 0.723921
54.000000000 21.212941 1.630299 -2.563354 -0.049999 0.687583 0.039419 0.723309
54.100000000 21.757619 1.574179 -2.590342 -0.049648 0.688588 0.040044 0.722342
54.200000000 22.291239 1.520329 -2.616543 -0.049313 0.689912 0.040809 0.721058
54.300000000 22.814499 1.468457 -2.641997 -0.049026 0.691565 0.041660 0.719443
54.400000000 23.329111 1.418040 -2.667807 -0.048850 0.693081 0.042473 0.717947
54.500000000 23.836873 1.368810 -2.692885 -0.048717 0.694057 0.042844 0.716991
54.600000000 24.338059 1.321071 -2.714956 -0.049063 0.693826 0.043066 0.717177
54.700000000 24.836981 1.273347 -2.738793 -0.049722 0.692293 0.042817 0.718627
54.800000000 25.327176 1.227352 -2.761591 -0.050496 0.690190 0.042352 0.720621
54.900000000 25.807464 1.183169 -2.786504 -0.051520 0.687802 0.041889 0.722855
55.000000000 26.280904 1.140342 -2.809431 -0.052421 0.684988 0.041160 0.725499
55.100000000 26.738943 1.100527 -2.833657 -0.053318 0.682641 0.040651 0.727672
55.200000000 27.188692 1.062465 -2.854581 -0.054343 0.679857 0.040086 0.730229
55.300000000 27.624712 1.027175 -2.874896 -0.054972 0.677333 0.039295 0.732567
55.400000000 28.044861 0.995152 -2.894787 -0.055527 0.675897 0.039043 0.733863
55.500000000 28.449174 0.966457 -2.912658 -0.055789 0.675427 0.039084 0.734274
55.600000000 28.836635 0.941194 -2.932041 -0.055676 0.675757 0.039242 0.733971
55.700000000 29.207428 0.919331 -2.950945 -0.055223 0.677416 0.039877 0.732440
55.800000000 29.562309 0.900717 -2.970099 -0.054533 0.680113 0.040897 0.729932
55.900000000 29.903571 0.884814 -2.988871 -0.053810 0.683357 0.042238 0.726873
56.000000000 30.233773 0.871019 -3.007138 -0.053008 0.686270 0.043400 0.724114
56.100000000 30.554476 0.858899 -3.024915 -0.052315 0.688964 0.044529 0.721533
56.200000000 30.867478 0.847779 -3.043390 -0.051865 0.690746 0.045385 0.719806
56.300000000 31.175290 0.837583 -3.059925 -0.051945 0.691281 0.046117 0.719240
56.400000000 31.480168 0.827645 -3.077924 -0.052294 0.690179 0.046198 0.720267
56.500000000 31.775397 0.818821 -3.092390 -0.052787 0.688684 0.046070 0.721669
56.600000000 32.064246 0.810598 -3.108144 -0.053499 0.686610 0.045709 0.723613
56.700000000 32.340903 0.804078 -3.120550 -0.053917 0.685187 0.045201 0.724961
56.800000000 32.606318 0.799084 -3.135926 -0.054198 0.684255 0.044676 0.725852
56.900000000 32.859728 0.795907 -3.151884 -0.054492 0.683866 0.044395 0.726214
57.000000000 33.101741 0.794617 -3.165650 -0.054768 0.683670 0.044174 0.726391
57.100000000 33.332516 0.795213 -3.179519 -0.054994 0.683804 0.044075 0.726254
57.200000000 33.551638 0.797883 -3.193553 -0.055047 0.684064 0.043910 0.726016
57.300000000 33.758620 0.802861 -3.203583 -0.054923 0.685018 0.043968 0.725121
57.400000000 33.953895 0.810001 -3.217616 -0.054667 0.686478 0.044217 0.723744
57.500000000 34.138335 0.819203 -3.232055 -0.054248 0.688453 0.044661 0.721869
57.600000000 34.312862 0.830433 -3.246111 -0.053755 0.690645 0.045249 0.719773
57.700000000 34.478621 0.843499 -3.258815 -0.053147 0.693014 0.045946 0.717493
57.800000000 34.636756 0.858102 -3.271972 -0.052498 0.695459 0.046766 0.715118
57.900000000 34.787373 0.874079 -3.285030 -0.051787 0.698074 0.047634 0.712560
58.000000000 34.932788 0.891075 -3.297820 -0.051087 0.700590 0.048519 0.710078
58.100000000 35.073523 0.908797 -3.309477 -0.050398 0.703030 0.049311 0.707656
58.200000000 35.211799 0.926831 -3.322800 -0.049894 0.705098 0.050132 0.705574
58.300000000 35.347482 0.945110 -3.332827 -0.049396 0.706786 0.050633 0.703882
58.400000000 35.481315 0.963541 -3.346240 -0.048945 0.708238 0.051110 0.702418
58.500000000 35.613541 0.982128 -3.357488 -0.048528 0.709593 0.051546 0.701047
58.600000000 35.744797 1.000515 -3.371265 -0.048293 0.710821 0.051960 0.699787
58.700000000 35.875469 1.018802 -3.383844 -0.048026 0.711792 0.052285 0.698793
58.800000000 36.004863 1.036308 -3.396481 -0.047926 0.712825 0.052425 0.697735
58.900000000 36.135323 1.053623 -3.408248 -0.047859 0.713464 0.052422 0.697087
59.000000000 36.266211 1.070586 -3.421533 -0.047926 0.713972 0.052415 0.696562
59.100000000 36.396269 1.087566 -3.434405 -0.047946 0.714470 0.052299 0.696059
59.200000000 36.528454 1.104218 -3.446632 -0.048111 0.714491 0.052204 0.696033
59.300000000 36.661646 1.120780 -3.459512 -0.048211 0.714163 0.052042 0.696375
59.400000000 36.795750 1.137555 -3.473591 -0.048355 0.713580 0.051940 0.696971
59.500000000 36.930125 1.154344 -3.488595 -0.048413 0.712802 0.051942 0.697761
59.600000000 37.064437 1.171319 -3.500846 -0.048466 0.711834 0.051980 0.698743
59.700000000 37.198598 1.188317 -3.515726 -0.048465 0.710821 0.051992 0.699772
59.800000000 37.330687 1.205184 -3.528158 -0.048514 0.710060 0.052099 0.700534
59.900000000 37.460979 1.221887 -3.542744 -0.048508 0.709618 0.052161 0.700977
60.000000000 37.588879 1.238366 -3.556601 -0.048500 0.709547 0.052141 0.701051
60.100000000 37.714331 1.254666 -3.570426 -0.048391 0.709847 0.052070 0.700760
60.200000000 37.837492 1.270874 -3.584928 -0.048226 0.710530 0.052046 0.700080
60.300000000 37.958872 1.286976 -3.599280 -0.047986 0.711474 0.052003 0.699140
60.400000000 38.079150 1.302860 -3.611324 -0.047767 0.712520 0.052028 0.698088
60.500000000 38.198981 1.318604 -3.625700 -0.047430 0.713504 0.052002 0.697107
60.600000000 38.319154 1.334347 -3.640469 -0.047112 0.714341 0.052029 0.696269
60.700000000 38.439605 1.349962 -3.655422 -0.046796 0.715118 0.052161 0.695482
60.800000000 38.560837 1.365271 -3.669924 -0.046555 0.715749 0.052357 0.694834
60.900000000 38.682821 1.380057 -3.683937 -0.046425 0.716349 0.052549 0.694210
61.000000000 38.805365 1.394142 -3.698242 -0.046387 0.717073 0.052594 0.693461
61.100000000 38.929038 1.407272 -3.713406 -0.046303 0.717839 0.052336 0.692693
61.200000000 39.054427 1.419920 -3.728167 -0.046479 0.718461 0.051996 0.692062
61.300000000 39.182201 1.432104 -3.743313 -0.046747 0.718797 0.051622 0.691723
61.400000000 39.312236 1.444165 -3.758034 -0.046961 0.718864 0.051148 0.691674
61.500000000 39.444814 1.456233 -3.773089 -0.047285 0.718635 0.050806 0.691915
61.600000000 39.579724 1.468469 -3.787808 -0.047552 0.718129 0.050514 0.692444
61.700000000 39.716634 1.480981 -3.803978 -0.047788 0.717434 0.050275 0.693165
61.800000000 39.855043 1.493800 -3.820895 -0.048002 0.716625 0.050130 0.693997
61.900000000 39.994629 1.506970 -3.835412 -0.048285 0.715684 0.050067 0.694952
62.000000000 40.134714 1.520511 -3.852035 -0.048425 0.714870 0.049995 0.695785
62.100000000 40.275018 1.534431 -3.865123 -0.048525 0.714073 0.049916 0.696601
62.200000000 40.414938 1.548625 -3.883325 -0.048505 0.713533 0.049874 0.697159
62.300000000 40.554197 1.563330 -3.899632 -0.048450 0.713255 0.049882 0.697446
62.400000000 40.692858 1.578406 -3.913919 -0.048381 0.713099 0.049977 0.697604
62.500000000 40.831524 1.593664 -3.930694 -0.048304 0.712949 0.050023 0.697759
62.600000000 40.969492 1.609123 -3.947036 -0.048218 0.712987 0.050105 0.697721
62.700000000 41.106393 1.624889 -3.961148 -0.048072 0.713288 0.050247 0.697413
62.800000000 41.243372 1.640693 -3.977216 -0.047959 0.713583 0.050349 0.697112
62.900000000 41.379693 1.656626 -3.993211 -0.047827 0.714056 0.050453 0.696628
63.000000000 41.516297 1.672519 -4.009216 -0.047655 0.714569 0.050474 0.696112
63.100000000 41.652666 1.688540 -4.023657 -0.047476 0.715228 0.050515 0.695445
63.200000000 41.789859 1.704551 -4.039839 -0.047379 0.715859 0.050632 0.694793
63.300000000 41.927921 1.720485 -4.055569 -0.047275 0.716425 0.050681 0.694213
63.400000000 42.066611 1.736448 -4.071692 -0.047088 0.717016 0.050704 0.693614
63.500000000 42.207217 1.752343 -4.087076 -0.047011 0.717357 0.050712 0.693266
63.600000000 42.349389 1.768163 -4.103318 -0.046981 0.717649 0.050780 0.692961
63.700000000 42.492304 1.783927 -4.118293 -0.047014 0.717800 0.050836 0.692797
63.800000000 42.638005 1.799464 -4.134992 -0.047066 0.717712 0.050859 0.692884
63.900000000 42.785444 1.814999 -4.150958 -0.047198 0.717475 0.050859 0.693120
64.000000000 42.934108 1.830519 -4.166202 -0.047307 0.717190 0.050815 0.693410
64.100000000 43.084183 1.845995 -4.180933 -0.047488 0.716822 0.050773 0.693781
64.200000000 43.235487 1.861445 -4.195939 -0.047663 0.716403 0.050703 0.694207
64.300000000 43.387674 1.876942 -4.212281 -0.047876 0.715994 0.050653 0.694618
64.400000000 43.540507 1.892541 -4.226587 -0.048059 0.715600 0.050583 0.695017
64.500000000 43.693807 1.908251 -4.241912 -0.048189 0.715290 0.050515 0.695332
64.600000000 43.847233 1.924217 -4.257977 -0.048297 0.715137 0.050490 0.695483
64.700000000 44.000721 1.940459 -4.273339 -0.048396 0.715112 0.050545 0.695498
64.800000000 44.154385 1.956926 -4.288571 -0.048376 0.715213 0.050576 0.695394
64.900000000 44.307994 1.973706 -4.301473 -0.048352 0.715477 0.050706 0.695114
65.000000000 44.461701 1.990671 -4.317015 -0.048199 0.715911 0.050883 0.694664
65.100000000 44.615887 2.007980 -4.331877 -0.048024 0.716500 0.051113 0.694053
65.200000000 44.770684 2.025432 -4.346114 -0.047796 0.717197 0.051429 0.693325
65.300000000 44.926551 2.042896 -4.360704 -0.047554 0.717952 0.051715 0.692538
65.400000000 45.083704 2.060325 -4.374607 -0.047276 0.718711 0.052023 0.691746
65.500000000 45.242641 2.077585 -4.388769 -0.046999 0.719463 0.052332 0.690960
65.600000000 45.403732 2.094550 -4.403703 -0.046748 0.720169 0.052651 0.690217
65.700000000 45.567351 2.111137 -4.418734 -0.046521 0.720772 0.052931 0.689580
65.800000000 45.733599 2.127246 -4.433642 -0.046379 0.721268 0.053237 0.689048
65.900000000 45.902999 2.142809 -4.447826 -0.046270 0.721575 0.053446 0.688718
66.000000000 46.075649 2.157723 -4.463743 -0.046192 0.721760 0.053568 0.688520
66.100000000 46.250722 2.172117 -4.479542 -0.046073 0.722010 0.053716 0.688254
66.200000000 46.428683 2.185956 -4.494596 -0.045858 0.722335 0.053819 0.687919
66.300000000 46.609051 2.199272 -4.508950 -0.045558 0.722888 0.053993 0.687344
66.400000000 46.791697 2.212175 -4.524885 -0.045190 0.723849 0.054316 0.686331
66.500000000 46.977300 2.224367 -4.540850 -0.044719 0.725008 0.054721 0.685105
66.600000000 47.167448 2.235528 -4.556588 -0.044266 0.726069 0.055067 0.683983
66.700000000 47.361577 2.245579 -4.573273 -0.043848 0.727198 0.055403 0.682782
66.800000000 47.562148 2.254131 -4.590197 -0.043680 0.727805 0.055652 0.682126
66.900000000 47.768574 2.261121 -4.605665 -0.043541 0.728048 0.055611 0.681878
67.000000000 47.980258 2.267014 -4.623197 -0.043425 0.728180 0.055527 0.681751
67.100000000 48.197553 2.271575 -4.641438 -0.043386 0.728221 0.055452 0.681716
67.200000000 48.419078 2.274825 -4.659973 -0.043467 0.728229 0.055388 0.681708
67.300000000 48.648592 2.276315 -4.678369 -0.043865 0.727553 0.055176 0.682421
67.400000000 48.884209 2.276426 -4.697520 -0.044381 0.726439 0.054758 0.683607
67.500000000 49.125672 2.275056 -4.714279 -0.044831 0.724927 0.053903 0.685248
67.600000000 49.370519 2.273145 -4.733871 -0.045362 0.723469 0.053256 0.686803
67.700000000 49.618707 2.270650 -4.753715 -0.045868 0.721989 0.052627 0.688374
67.800000000 49.869613 2.267782 -4.773729 -0.046341 0.720540 0.052035 0.689903
67.900000000 50.122574 2.264699 -4.793586 -0.046743 0.719279 0.051528 0.691229
68.000000000 50.376919 2.261546 -4.811070 -0.047142 0.718185 0.051176 0.692365
68.100000000 50.632339 2.258390 -4.831110 -0.047550 0.717096 0.050877 0.693487
68.200000000 50.889091 2.255124 -4.851523 -0.047990 0.715901 0.050607 0.694709
68.300000000 51.146784 2.251875 -4.870683 -0.048531 0.714486 0.050251 0.696153
68.400000000 51.404992 2.248606 -4.892047 -0.049136 0.712892 0.049834 0.697773
68.500000000 51.662994 2.245622 -4.911374 -0.049803 0.711154 0.049363 0.699530
68.600000000 51.919983 2.243000 -4.932468 -0.050369 0.709449 0.048799 0.701259
68.700000000 52.173980 2.241366 -4.949086 -0.050776 0.708048 0.048280 0.702680
68.800000000 52.424799 2.240719 -4.970218 -0.051161 0.707039 0.048008 0.703685
68.900000000 52.671890 2.241120 -4.989973 -0.051420 0.706385 0.047965 0.704326
69.000000000 52.915589 2.242584 -5.009805 -0.051509 0.706171 0.048034 0.704529
69.100000000 53.154547 2.245256 -5.029172 -0.051447 0.706384 0.048257 0.704305
69.200000000 53.390097 2.248992 -5.048767 -0.051242 0.707039 0.048570 0.703642
69.300000000 53.621702 2.253692 -5.068785 -0.050896 0.708162 0.049059 0.702502
69.400000000 53.850167 2.259197 -5.088378 -0.050446 0.709601 0.049658 0.701039
69.500000000 54.076473 2.265283 -5.107701 -0.049971 0.711195 0.050340 0.699407
69.600000000 54.301563 2.271735 -5.126589 -0.049478 0.712765 0.051033 0.697792
69.700000000 54.525349 2.278434 -5.146014 -0.048849 0.714482 0.051682 0.696030
69.800000000 54.749314 2.285172 -5.165528 -0.048245 0.716179 0.052408 0.694272
69.900000000 54.973914 2.291735 -5.184277 -0.047668 0.717850 0.053209 0.692523
70.000000000 55.200274 2.297719 -5.204976 -0.047155 0.719473 0.054046 0.690807
70.100000000 55.430586 2.302757 -5.224808 -0.046850 0.720371 0.054634 0.689844
70.200000000 55.664109 2.306564 -5.244479 -0.046800 0.720817 0.055081 0.689347
70.300000000 55.901330 2.309158 -5.264969 -0.046867 0.720795 0.055204 0.689355
70.400000000 56.142431 2.310357 -5.285549 -0.047041 0.720237 0.054858 0.689954
70.500000000 56.386184 2.310534 -5.305569 -0.047243 0.719318 0.054232 0.690948
70.600000000 56.631581 2.309502 -5.326304 -0.047863 0.718128 0.053597 0.692191
70.700000000 56.881054 2.307750 -5.345092 -0.048638 0.716263 0.052853 0.694124
70.800000000 57.132114 2.305608 -5.367716 -0.049546 0.714092 0.052074 0.696352
70.900000000 57.383713 2.303307 -5.386871 -0.050466 0.711786 0.051225 0.698706
71.000000000 57.633304 2.301298 -5.408288 -0.050994 0.709710 0.050217 0.700849
71.100000000 57.880742 2.299821 -5.426602 -0.051824 0.707839 0.049382 0.702737
71.200000000 58.125347 2.299181 -5.448051 -0.052377 0.706231 0.048816 0.704352
71.300000000 58.365654 2.299814 -5.466007 -0.052985 0.704926 0.048443 0.705638
71.400000000 58.602271 2.301407 -5.487389 -0.053382 0.703989 0.048200 0.706560
71.500000000 58.834217 2.304297 -5.507613 -0.053756 0.703342 0.048097 0.707182
71.600000000 59.061254 2.308525 -5.526114 -0.054059 0.702999 0.048166 0.707496
71.700000000 59.284083 2.313854 -5.546231 -0.054251 0.702843 0.048177 0.707635
71.800000000 59.501738 2.320540 -5.566095 -0.054276 0.703085 0.048302 0.707384
71.900000000 59.714197 2.328672 -5.585200 -0.054154 0.703781 0.048590 0.706682
72.000000000 59.921620 2.338074 -5.603933 -0.053810 0.705045 0.049061 0.705414
72.100000000 60.124739 2.348768 -5.623146 -0.053366 0.706670 0.049673 0.703777
72.200000000 60.324787 2.360426 -5.642041 -0.052935 0.708405 0.050449 0.702008
72.300000000 60.522789 2.372814 -5.659623 -0.052691 0.709951 0.051357 0.700396
72.400000000 60.720200 2.385306 -5.678236 -0.052437 0.711174 0.052188 0.699113
72.500000000 60.917923 2.398141 -5.696359 -0.052381 0.711899 0.052827 0.698330
72.600000000 61.115219 2.411056 -5.714921 -0.052369 0.712409 0.053366 0.697771
72.700000000 61.312019 2.423979 -5.731912 -0.052412 0.712762 0.053845 0.697369
72.800000000 61.508815 2.436744 -5.749904 -0.052466 0.712991 0.054187 0.697105
72.900000000 61.705555 2.449382 -5.767706 -0.052606 0.713078 0.054398 0.696989
73.000000000 61.902400 2.461847 -5.786542 -0.052832 0.713043 0.054506 0.696999
73.100000000 62.098593 2.474241 -5.804697 -0.052922 0.713000 0.054519 0.697035
73.200000000 62.294597 2.486642 -5.821811 -0.053263 0.712876 0.054575 0.697131
73.300000000 62.490520 2.498977 -5.840669 -0.053496 0.712691 0.054620 0.697299
73.400000000 62.684644 2.511734 -5.857716 -0.053711 0.712831 0.054744 0.697130
73.500000000 62.879245 2.524550 -5.876316 -0.053901 0.712873 0.054916 0.697058
73.600000000 63.073265 2.537643 -5.892899 -0.054193 0.712917 0.055243 0.696965
73.700000000 63.266741 2.550676 -5.911763 -0.054269 0.713129 0.055574 0.696716
73.800000000 63.459942 2.564067 -5.930349 -0.054495 0.713299 0.055963 0.696493
73.900000000 63.653256 2.577605 -5.946381 -0.054702 0.713340 0.056303 0.696408
74.000000000 63.846171 2.590998 -5.965965 -0.054899 0.713558 0.056596 0.696145
74.100000000 64.039482 2.604384 -5.983505 -0.055155 0.713488 0.056891 0.696172
74.200000000 64.233032 2.617640 -6.002343 -0.055420 0.713445 0.057116 0.696177
74.300000000 64.426042 2.631084 -6.019017 -0.055610 0.713426 0.057300 0.696166
74.400000000 64.619357 2.644343 -6.037299 -0.055865 0.713365 0.057471 0.696194
74.500000000 64.811905 2.657738 -6.055763 -0.056112 0.713480 0.057689 0.696038
74.600000000 65.003161 2.671045 -6.074218 -0.056279 0.713711 0.057877 0.695772
74.700000000 65.195834 2.684492 -6.092265 -0.056491 0.713824 0.058114 0.695620
74.800000000 65.388190 2.698203 -6.108590 -0.056605 0.713979 0.058314 0.695434
74.900000000 65.580817 2.711765 -6.127492 -0.056831 0.714136 0.058585 0.695232
75.000000000 65.774017 2.725285 -6.146263 -0.057088 0.714157 0.058845 0.695168
75.100000000 65.967467 2.738859 -6.163643 -0.057392 0.713982 0.059107 0.695300
75.200000000 66.161480 2.752367 -6.181094 -0.057724 0.713628 0.059277 0.695621
75.300000000 66.355920 2.765766 -6.199315 -0.058042 0.713149 0.059371 0.696078
75.400000000 66.550064 2.779388 -6.218681 -0.058500 0.712666 0.059499 0.696523
75.500000000 66.743824 2.792930 -6.237308 -0.058861 0.712212 0.059604 0.696948
75.600000000 66.936741 2.806677 -6.255401 -0.059115 0.711881 0.059626 0.697263
75.700000000 67.128399 2.820770 -6.270499 -0.059382 0.711656 0.059678 0.697465
75.800000000 67.319502 2.834878 -6.289041 -0.059636 0.711539 0.059794 0.697553
75.900000000 67.509656 2.849271 -6.307201 -0.059897 0.711414 0.059915 0.697648
76.000000000 67.698990 2.863905 -6.325106 -0.060134 0.711313 0.060023 0.697721
76.100000000 67.887308 2.878939 -6.340654 -0.060403 0.711199 0.060214 0.697798
76.200000000 68.074953 2.894160 -6.359012 -0.060608 0.711147 0.060383 0.697818
76.300000000 68.261047 2.909845 -6.375920 -0.060762 0.711226 0.060614 0.697704
76.400000000 68.446231 2.925821 -6.393659 -0.060888 0.711388 0.060896 0.697504
76.500000000 68.630598 2.942082 -6.411698 -0.060948 0.711624 0.061154 0.697235
76.600000000 68.813871 2.958660 -6.427739 -0.061051 0.711872 0.061479 0.696944
76.700000000 68.996817 2.975350 -6.445805 -0.061093 0.712143 0.061775 0.696638
76.800000000 69.179094 2.992160 -6.463637 -0.061143 0.712459 0.062073 0.696283
76.900000000 69.360821 3.009080 -6.479546 -0.061290 0.712723 0.062442 0.695967
77.000000000 69.542673 3.025927 -6.496993 -0.061365 0.712916 0.062692 0.695740
77.100000000 69.724653 3.042771 -6.514817 -0.061549 0.712976 0.062854 0.695648
77.200000000 69.906487 3.059576 -6.530532 -0.061751 0.712915 0.062940 0.695685
77.300000000 70.088492 3.076297 -6.548732 -0.061870 0.712858 0.062914 0.695735
77.400000000 70.269432 3.093324 -6.564654 -0.061931 0.712973 0.062899 0.695613
77.500000000 70.450285 3.110452 -6.582555 -0.062087 0.713156 0.062990 0.695403
77.600000000 70.630914 3.127655 -6.601232 -0.062219 0.713349 0.063176 0.695177
77.700000000 70.812792 3.145009 -6.618050 -0.062372 0.713247 0.063261 0.695260
77.800000000 70.994041 3.162556 -6.635665 -0.062510 0.713289 0.063435 0.695189
77.900000000 71.175310 3.180304 -6.653477 -0.062626 0.713333 0.063671 0.695111
78.000000000 71.355360 3.198116 -6.672037 -0.062669 0.713763 0.063966 0.694639
78.100000000 71.536732 3.216158 -6.690084 -0.062691 0.713912 0.064212 0.694461
78.200000000 71.717830 3.234246 -6.708317 -0.062682 0.714238 0.064467 0.694103
78.300000000 71.899489 3.252360 -6.725000 -0.062756 0.714496 0.064777 0.693802
78.400000000 72.082228 3.270102 -6.745297 -0.062892 0.714529 0.065021 0.693733
78.500000000 72.266549 3.287723 -6.763180 -0.063202 0.714207 0.065108 0.694028
78.600000000 72.452034 3.305200 -6.782084 -0.063437 0.713537 0.064936 0.694712
78.700000000 72.637532 3.322591 -6.800031 -0.063780 0.712870 0.064743 0.695383
78.800000000 72.823914 3.340110 -6.817493 -0.064137 0.711902 0.064500 0.696364
78.900000000 73.008549 3.357598 -6.837508 -0.064512 0.711204 0.064252 0.697064
79.000000000 73.193177 3.375580 -6.856354 -0.064784 0.710516 0.064019 0.697761
79.100000000 73.376124 3.394043 -6.873650 -0.065050 0.709987 0.063913 0.698285
79.200000000 73.557701 3.412894 -6.892365 -0.065286 0.709578 0.063881 0.698682
79.300000000 73.737799 3.432241 -6.910657 -0.065529 0.709163 0.063916 0.699076
79.400000000 73.916549 3.452082 -6.927813 -0.065738 0.708802 0.063964 0.699419
79.500000000 74.093205 3.472437 -6.946617 -0.065841 0.708661 0.064032 0.699546
79.600000000 74.267477 3.493486 -6.962281 -0.065920 0.708711 0.064232 0.699470
79.700000000 74.440048 3.514922 -6.981054 -0.065923 0.708913 0.064456 0.699243
79.800000000 74.610388 3.536880 -6.997253 -0.065942 0.709270 0.064789 0.698849
79.900000000 74.779208 3.559098 -7.015220 -0.065814 0.709755 0.065096 0.698340
80.000000000 74.946684 3.581755 -7.034461 -0.065799 0.710294 0.065452 0.697760
80.100000000 75.113278 3.604588 -7.052740 -0.065751 0.710811 0.065757 0.697209
80.200000000 75.278767 3.627644 -7.070556 -0.065616 0.711420 0.066003 0.696577
80.300000000 75.442974 3.650961 -7.087374 -0.065340 0.712243 0.066203 0.695743
80.400000000 75.606560 3.674451 -7.105492 -0.065006 0.713318 0.066432 0.694650
80.500000000 75.769694 3.698027 -7.123657 -0.064773 0.714571 0.066867 0.693341
80.600000000 75.933534 3.721530 -7.141738 -0.064564 0.715712 0.067314 0.692139
80.700000000 76.098756 3.744840 -7.160004 -0.064434 0.716693 0.067710 0.691097
80.800000000 76.265679 3.767892 -7.177723 -0.064294 0.717476 0.067969 0.690271
80.900000000 76.434837 3.790612 -7.196925 -0.064187 0.718078 0.068115 0.689641
81.000000000 76.606117 3.813036 -7.215590 -0.064125 0.718456 0.068220 0.689243
81.100000000 76.780245 3.835120 -7.234942 -0.064159 0.718591 0.068279 0.689093
81.200000000 76.956547 3.856950 -7.253627 -0.064215 0.718565 0.068320 0.689110
81.300000000 77.135366 3.878499 -7.274195 -0.064357 0.718352 0.068393 0.689312
81.400000000 77.316835 3.899802 -7.293744 -0.064549 0.717968 0.068387 0.689694
81.500000000 77.499919 3.920876 -7.312997 -0.064712 0.717537 0.068333 0.690133
81.600000000 77.684961 3.941777 -7.332622 -0.064739 0.717094 0.068228 0.690601
81.700000000 77.869513 3.962519 -7.354865 -0.064809 0.716916 0.068177 0.690784
81.800000000 78.057149 3.983182 -7.375570 -0.064898 0.716460 0.068116 0.691255
81.900000000 78.246374 4.003686 -7.396018 -0.065022 0.715955 0.068111 0.691767
82.000000000 78.436848 4.024005 -7.414718 -0.065254 0.715332 0.068177 0.692383
82.100000000 78.628776 4.044186 -7.436376 -0.065545 0.714479 0.068195 0.693234
82.200000000 78.822371 4.064090 -7.456435 -0.065894 0.713207 0.068087 0.694520
82.300000000 79.017034 4.083661 -7.476538 -0.066373 0.711440 0.067735 0.696318
82.400000000 79.212467 4.103025 -7.497601 -0.066832 0.709340 0.067159 0.698470
82.500000000 79.406246 4.122515 -7.513615 -0.067207 0.707283 0.066548 0.700575
82.600000000 79.597492 4.142517 -7.534634 -0.067598 0.705424 0.066102 0.702452
82.700000000 79.785592 4.162897 -7.555087 -0.067830 0.703917 0.065819 0.703966
82.800000000 79.969385 4.183891 -7.574688 -0.067920 0.702863 0.065559 0.705034
82.900000000 80.148024 4.205485 -7.591972 -0.068038 0.702237 0.065561 0.705645
83.000000000 80.322358 4.227547 -7.610920 -0.067932 0.702062 0.065578 0.705828
83.100000000 80.491779 4.250094 -7.629392 -0.067813 0.702248 0.065708 0.705642
83.200000000 80.656659 4.273025 -7.647638 -0.067551 0.702760 0.065817 0.705148
83.300000000 80.817395 4.296274 -7.664888 -0.067288 0.703477 0.065990 0.704442
83.400000000 80.974428 4.319775 -7.682290 -0.067009 0.704363 0.066156 0.703567
83.500000000 81.128273 4.343445 -7.698918 -0.066791 0.705322 0.066388 0.702604
83.600000000 81.279365 4.367209 -7.715734 -0.066562 0.706310 0.066581 0.701614
83.700000000 81.428128 4.390992 -7.732102 -0.066340 0.707333 0.066710 0.700592
83.800000000 81.575013 4.414764 -7.748211 -0.066129 0.708338 0.066781 0.699589
83.900000000 81.720388 4.438607 -7.762722 -0.065814 0.709291 0.066680 0.698662
84.000000000 81.864859 4.462497 -7.778538 -0.065689 0.710126 0.066679 0.697825
84.100000000 82.008584 4.486262 -7.792164 -0.065588 0.710814 0.066661 0.697136
84.200000000 82.151984 4.510159 -7.807248 -0.065491 0.711383 0.066618 0.696568
84.300000000 82.295170 4.534160 -7.822443 -0.065421 0.711860 0.066563 0.696092
84.400000000 82.437861 4.558171 -7.837490 -0.065282 0.712316 0.066448 0.695650
84.500000000 82.580718 4.582387 -7.852365 -0.065211 0.712694 0.066335 0.695281
84.600000000 82.723928 4.606758 -7.866448 -0.065206 0.712948 0.066286 0.695025
84.700000000 82.867432 4.631251 -7.881227 -0.065117 0.713131 0.066220 0.694851
84.800000000 83.011292 4.656027 -7.895465 -0.065022 0.713238 0.066154 0.694757
84.900000000 83.153719 4.681011 -7.909664 -0.064907 0.713478 0.066128 0.694523
85.000000000 83.298305 4.706200 -7.923264 -0.064832 0.713450 0.066121 0.694561
85.100000000 83.443168 4.731582 -7.937462 -0.064733 0.713407 0.066152 0.694611
85.200000000 83.588331 4.757068 -7.951051 -0.064595 0.713378 0.066151 0.694654
85.300000000 83.733611 4.782637 -7.965139 -0.064434 0.713315 0.066120 0.694736
85.400000000 83.879098 4.808371 -7.978264 -0.064336 0.713213 0.066127 0.694849
85.500000000 84.024671 4.834149 -7.992008 -0.064243 0.713115 0.066163 0.694954
85.600000000 84.170367 4.859868 -8.005522 -0.064110 0.713005 0.066184 0.695078
85.700000000 84.316059 4.885635 -8.018716 -0.064064 0.712905 0.066219 0.695181
85.800000000 84.461707 4.911219 -8.032479 -0.063975 0.712860 0.066220 0.695236
85.900000000 84.607131 4.936711 -8.045995 -0.063909 0.712842 0.066138 0.695269
86.000000000 84.752594 4.962109 -8.059714 -0.063886 0.712893 0.066050 0.695226
86.100000000 84.897747 4.987402 -8.070941 -0.063849 0.712983 0.065915 0.695151
86.200000000 85.042961 5.012679 -8.084365 -0.063815 0.713141 0.065781 0.695004
86.300000000 85.188160 5.037968 -8.097572 -0.063754 0.713338 0.065634 0.694821
86.400000000 85.333423 5.063340 -8.110728 -0.063720 0.713546 0.065545 0.694619
86.500000000 85.478762 5.088796 -8.121740 -0.063642 0.713746 0.065416 0.694433
86.600000000 85.624586 5.114394 -8.134862 -0.063590 0.713916 0.065375 0.694266
86.700000000 85.770742 5.140125 -8.148140 -0.063530 0.714035 0.065357 0.694151
86.800000000 85.917527 5.165857 -8.161543 -0.063382 0.714155 0.065337 0.694044
86.900000000 86.064882 5.191787 -8.174521 -0.063280 0.714157 0.065344 0.694050
87.000000000 86.212870 5.217817 -8.187889 -0.063206 0.714053 0.065411 0.694158
87.100000000 86.361431 5.243824 -8.201332 -0.063126 0.713884 0.065514 0.694329
87.200000000 86.510469 5.269782 -8.214779 -0.063048 0.713676 0.065587 0.694542
87.300000000 86.659810 5.295644 -8.227873 -0.063040 0.713419 0.065655 0.694801
87.400000000 86.809380 5.321302 -8.241696 -0.063044 0.713150 0.065672 0.695075
87.500000000 86.959068 5.346734 -8.255168 -0.062993 0.712894 0.065590 0.695351
87.600000000 87.108697 5.372156 -8.268854 -0.063023 0.712618 0.065527 0.695637
87.700000000 87.257282 5.397524 -8.282326 -0.063001 0.712628 0.065526 0.695628
87.800000000 87.406199 5.422741 -8.296781 -0.063016 0.712561 0.065540 0.695694
87.900000000 87.555398 5.447802 -8.310327 -0.063051 0.712407 0.065529 0.695850
88.000000000 87.703656 5.472790 -8.322036 -0.062970 0.712507 0.065420 0.695765
88.100000000 87.851988 5.497752 -8.335770 -0.062993 0.712595 0.065400 0.695675
88.200000000 88.000330 5.522476 -8.349478 -0.063029 0.712688 0.065389 0.695577
88.300000000 88.148339 5.547082 -8.363158 -0.063121 0.712877 0.065373 0.695376
88.400000000 88.296022 5.571577 -8.375408 -0.063156 0.713192 0.065264 0.695060
88.500000000 88.443882 5.595816 -8.389505 -0.063110 0.713544 0.065029 0.694725
88.600000000 88.591863 5.620155 -8.403820 -0.063205 0.713893 0.064877 0.694373
88.700000000 88.739640 5.644602 -8.416185 -0.063331 0.714188 0.064811 0.694063
88.800000000 88.886220 5.669190 -8.430610 -0.063365 0.714688 0.064743 0.693552
88.900000000 89.036096 5.694098 -8.445162 -0.063416 0.714775 0.064681 0.693464
89.000000000 89.186811 5.719199 -8.460146 -0.063426 0.714717 0.064600 0.693529
89.100000000 89.338138 5.744747 -8.474237 -0.063441 0.714512 0.064542 0.693745
89.200000000 89.490509 5.770617 -8.489349 -0.063489 0.714210 0.064592 0.694047
89.300000000 89.643356 5.796589 -8.504776 -0.063460 0.713854 0.064639 0.694411
89.400000000 89.796546 5.822798 -8.520040 -0.063466 0.713457 0.064692 0.694814
89.500000000 89.949934 5.849139 -8.535694 -0.063545 0.713029 0.064765 0.695238
89.600000000 90.103321 5.875528 -8.551333 -0.063664 0.712607 0.064813 0.695656
89.700000000 90.256234 5.902012 -8.566836 -0.063726 0.712324 0.064784 0.695943
89.800000000 90.408379 5.928660 -8.580598 -0.063752 0.712210 0.064756 0.696059
89.900000000 90.559954 5.955445 -8.596262 -0.063763 0.712245 0.064772 0.696021
90.000000000 90.710866 5.982509 -8.610311 -0.063717 0.712394 0.064789 0.695872
90.100000000 90.861673 6.009812 -8.626097 -0.063647 0.712532 0.064830 0.695733
90.200000000 91.012640 6.037383 -8.639594 -0.063573 0.712444 0.064900 0.695823
90.300000000 91.164235 6.065055 -8.655565 -0.063541 0.712062 0.065024 0.696206
90.400000000 91.315820 6.092882 -8.672135 -0.063444 0.711424 0.065164 0.696854
90.500000000 91.467732 6.120849 -8.686686 -0.063446 0.710432 0.065398 0.697842
90.600000000 91.619531 6.148785 -8.701803 -0.063492 0.709146 0.065637 0.699123
90.700000000 91.770012 6.176437 -8.718599 -0.063526 0.707796 0.065803 0.700471
90.800000000 91.918593 6.203780 -8.733220 -0.063624 0.706576 0.065891 0.701684
90.900000000 92.064269 6.230724 -8.749800 -0.063742 0.705785 0.065887 0.702469
91.000000000 92.205446 6.257182 -8.765351 -0.063776 0.705754 0.065801 0.702506
91.100000000 92.342541 6.283305 -8.781132 -0.063800 0.706351 0.065712 0.701911
91.200000000 92.475795 6.309125 -8.796552 -0.063718 0.707607 0.065504 0.700672
91.300000000 92.606297 6.334845 -8.809180 -0.063596 0.709223 0.065298 0.699067
91.400000000 92.735344 6.360546 -8.823869 -0.063555 0.710891 0.065240 0.697379
91.500000000 92.863815 6.386332 -8.839124 -0.063427 0.712419 0.065226 0.695832
91.600000000 92.992556 6.412322 -8.854386 -0.063194 0.713715 0.065206 0.694525
91.700000000 93.121989 6.438548 -8.869672 -0.062984 0.714813 0.065352 0.693401
91.800000000 93.252720 6.464854 -8.884346 -0.062844 0.715583 0.065603 0.692595
91.900000000 93.385601 6.491077 -8.900219 -0.062715 0.715896 0.065755 0.692269
92.000000000 93.521165 6.517093 -8.915387 -0.062686 0.715631 0.065759 0.692545
92.100000000 93.658989 6.542903 -8.930258 -0.062611 0.714977 0.065525 0.693249
92.200000000 93.795303 6.568828 -8.947790 -0.062499 0.714857 0.065458 0.693390
92.300000000 93.932583 6.594554 -8.964003 -0.062425 0.714812 0.065436 0.693444
92.400000000 94.070817 6.620018 -8.978538 -0.062455 0.714773 0.065425 0.693482
92.500000000 94.210000 6.645278 -8.995386 -0.062538 0.714646 0.065366 0.693612
92.600000000 94.349845 6.670319 -9.012128 -0.062656 0.714527 0.065263 0.693733
92.700000000 94.490239 6.695281 -9.028806 -0.062667 0.714440 0.065022 0.693845
92.800000000 94.631070 6.720195 -9.043456 -0.062731 0.714429 0.064837 0.693867
92.900000000 94.772517 6.745249 -9.061207 -0.062796 0.714308 0.064710 0.693998
93.000000000 94.913145 6.770428 -9.078506 -0.062938 0.714326 0.064696 0.693968
93.100000000 95.056965 6.795613 -9.094119 -0.063106 0.713749 0.064541 0.694561
93.200000000 95.200026 6.821081 -9.112194 -0.063308 0.713110 0.064431 0.695209
93.300000000 95.343966 6.846609 -9.129501 -0.063425 0.712468 0.064297 0.695868
93.400000000 95.487242 6.872372 -9.146015 -0.063586 0.711914 0.064230 0.696427
93.500000000 95.630185 6.898348 -9.163372 -0.063660 0.711417 0.064129 0.696937
93.600000000 95.772241 6.924588 -9.180388 -0.063704 0.711024 0.064045 0.697342
93.700000000 95.913131 6.951107 -9.196478 -0.063804 0.710757 0.064070 0.697602
93.800000000 96.053152 6.977905 -9.212122 -0.063817 0.710503 0.064067 0.697860
93.900000000 96.192404 7.004929 -9.230681 -0.063893 0.710303 0.064075 0.698056
94.000000000 96.330342 7.032190 -9.247809 -0.063901 0.710191 0.064083 0.698168
94.100000000 96.466915 7.059752 -9.262817 -0.063901 0.710163 0.064120 0.698193
94.200000000 96.602325 7.087533 -9.278994 -0.063856 0.710227 0.064167 0.698128
94.300000000 96.736499 7.115584 -9.296115 -0.063797 0.710432 0.064242 0.697918
94.400000000 96.868963 7.143908 -9.312771 -0.063567 0.710942 0.064313 0.697413
94.500000000 96.999897 7.172506 -9.328130 -0.063342 0.711724 0.064520 0.696616
94.600000000 97.130142 7.201209 -9.344173 -0.063035 0.712629 0.064732 0.695699
94.700000000 97.260462 7.229979 -9.360265 -0.062877 0.713388 0.064987 0.694910
94.800000000 97.391635 7.258593 -9.377524 -0.062765 0.713916 0.065167 0.694361
94.900000000 97.523605 7.287106 -9.392833 -0.062699 0.714151 0.065254 0.694118
95.000000000 97.656676 7.315492 -9.409130 -0.062743 0.714153 0.065316 0.694105
95.100000000 97.790474 7.343714 -9.425159 -0.062782 0.714029 0.065302 0.694231
95.200000000 97.924745 7.371899 -9.441716 -0.062819 0.713897 0.065260 0.694367
95.300000000 98.059142 7.400063 -9.458027 -0.062832 0.713828 0.065226 0.694441
95.400000000 98.193662 7.428236 -9.474955 -0.062849 0.713853 0.065247 0.694411
95.500000000 98.328332 7.456367 -9.491290 -0.062800 0.713931 0.065243 0.694335
95.600000000 98.463122 7.484519 -9.506421 -0.062789 0.714037 0.065300 0.694223
95.700000000 98.598376 7.512622 -9.522537 -0.062776 0.714172 0.065347 0.694080
95.800000000 98.734067 7.540693 -9.537710 -0.062692 0.714321 0.065347 0.693934
95.900000000 98.869761 7.568725 -9.553531 -0.062630 0.714618 0.065428 0.693627
96.000000000 99.006180 7.596672 -9.569531 -0.062602 0.714895 0.065541 0.693333
96.100000000 99.143311 7.624523 -9.585524 -0.062594 0.715145 0.065669 0.693063
96.200000000 99.282040 7.652100 -9.601998 -0.062618 0.715154 0.065729 0.693046
96.300000000 99.421913 7.679554 -9.618748 -0.062675 0.715049 0.065712 0.693152
96.400000000 99.562324 7.706930 -9.633280 -0.062680 0.714965 0.065668 0.693242
96.500000000 99.703339 7.734254 -9.650844 -0.062696 0.714974 0.065701 0.693227
96.600000000 99.844955 7.761466 -9.667579 -0.062728 0.715004 0.065790 0.693185
96.700000000 99.987423 7.788578 -9.682784 -0.062768 0.714988 0.065841 0.693193
96.800000000 100.130703 7.815524 -9.699383 -0.062815 0.714956 0.065871 0.693219
96.900000000 100.274632 7.842353 -9.716359 -0.062858 0.714974 0.065918 0.693192
97.000000000 100.419072 7.869087 -9.733325 -0.062861 0.715106 0.065945 0.693053
97.100000000 100.563620 7.895772 -9.748937 -0.062851 0.715437 0.066030 0.692705
97.200000000 100.708774 7.922319 -9.765638 -0.062774 0.715937 0.066152 0.692184
97.300000000 100.854711 7.948789 -9.781888 -0.062736 0.716551 0.066289 0.691538
97.400000000 101.001745 7.975034 -9.799195 -0.062736 0.717241 0.066455 0.690806
97.500000000 101.150264 8.001095 -9.815372 -0.062727 0.717951 0.066568 0.690058
97.600000000 101.300411 8.026983 -9.832690 -0.062706 0.718784 0.066646 0.689185
97.700000000 101.451973 8.052730 -9.848330 -0.062611 0.719863 0.066737 0.688058
97.800000000 101.605385 8.078365 -9.866278 -0.062486 0.721210 0.066902 0.686641
97.900000000 101.761404 8.103912 -9.882868 -0.062353 0.722687 0.067094 0.685079
98.000000000 101.920834 8.129231 -9.899632 -0.062161 0.724200 0.067242 0.683483
98.100000000 102.084429 8.154503 -9.916896 -0.062037 0.725644 0.067423 0.681943
98.200000000 102.253030 8.179515 -9.934093 -0.061898 0.726898 0.067536 0.680608
98.300000000 102.427366 8.204377 -9.951581 -0.061788 0.727856 0.067613 0.679585
