44.800000000 -3.379160 2.004411 -0.364896 0.015828 0.055599 -0.004011 0.998320
44.900000000 -3.872315 2.273453 -0.343648 0.008877 0.050356 -0.001984 0.998690
45.000000000 -4.357423 2.542606 -0.322593 0.003191 0.046176 0.000090 0.998928
45.100000000 -4.836727 2.815048 -0.300610 -0.000194 0.044217 0.001524 0.999021
45.200000000 -5.312407 3.092698 -0.279706 -0.000456 0.045073 0.002717 0.998980
45.300000000 -5.783437 3.375565 -0.258178 0.002494 0.048456 0.006774 0.998799
45.400000000 -6.246400 3.662491 -0.236280 0.008089 0.052344 0.011589 0.998529
45.500000000 -6.700078 3.951613 -0.215216 0.015528 0.055864 0.017331 0.998167
45.600000000 -7.141367 4.239343 -0.192699 0.023999 0.058258 0.018476 0.997842
45.700000000 -7.571806 4.522464 -0.171009 0.032194 0.060949 0.019239 0.997436
45.800000000 -7.992602 4.797157 -0.144242 0.039827 0.065637 0.020290 0.996842
45.900000000 -8.401063 5.062337 -0.120781 0.046552 0.071565 0.020177 0.996145
46.000000000 -8.796112 5.315492 -0.095423 0.052427 0.079065 0.020263 0.995284
46.100000000 -9.176360 5.555391 -0.070996 0.057309 0.087711 0.021643 0.994261
46.200000000 -9.538767 5.781223 -0.048771 0.061212 0.097127 0.022792 0.993126
46.300000000 -9.880214 5.992734 -0.028672 0.064335 0.106710 0.023559 0.991927
46.400000000 -10.195895 6.187325 -0.008430 0.066745 0.116040 0.025732 0.990665
46.500000000 -10.481895 6.364919 0.011843 0.068031 0.123373 0.027703 0.989638
46.600000000 -10.737182 6.526092 0.024651 0.068238 0.127998 0.029739 0.988977
46.700000000 -10.958951 6.670524 0.033253 0.067044 0.129561 0.031139 0.988812
46.800000000 -11.147810 6.798737 0.038173 0.064759 0.128606 0.032147 0.989057
46.900000000 -11.305220 6.911826 0.040358 0.061823 0.126200 0.032838 0.989532
47.000000000 -11.433081 7.011089 0.039676 0.058557 0.123114 0.033377 0.990101
47.100000000 -11.532870 7.097523 0.037852 0.055270 0.120005 0.033969 0.990651
47.200000000 -11.605913 7.172519 0.031832 0.052176 0.117054 0.034440 0.991156
47.300000000 -11.653148 7.236771 0.023845 0.049368 0.114515 0.034884 0.991581
47.400000000 -11.675528 7.291075 0.014436 0.046863 0.112402 0.035187 0.991933
47.500000000 -11.673857 7.336104 0.003365 0.044826 0.110752 0.035355 0.992207
47.600000000 -11.647910 7.372780 -0.010241 0.043258 0.109677 0.035532 0.992390
47.700000000 -11.598164 7.401294 -0.025521 0.042134 0.108813 0.035733 0.992526
47.800000000 -11.524750 7.421772 -0.043002 0.041366 0.108061 0.035887 0.992635
47.900000000 -11.427931 7.434396 -0.062406 0.040875 0.107450 0.035665 0.992729
48.000000000 -11.308849 7.439499 -0.083920 0.040883 0.107778 0.035425 0.992702
48.100000000 -11.166734 7.436849 -0.106251 0.041303 0.108882 0.035228 0.992571
48.200000000 -11.000850 7.426242 -0.129441 0.041875 0.110009 0.035015 0.992431
48.300000000 -10.810466 7.407266 -0.155657 0.042272 0.110308 0.035093 0.992378
48.400000000 -10.593525 7.379188 -0.184873 0.042271 0.109412 0.034927 0.992483
48.500000000 -10.350417 7.341983 -0.216315 0.041560 0.106969 0.035071 0.992774
48.600000000 -10.081789 7.295413 -0.251178 0.040138 0.103116 0.035023 0.993242
48.700000000 -9.788455 7.239727 -0.286145 0.037776 0.097274 0.034949 0.993926
48.800000000 -9.471415 7.175300 -0.326598 0.034595 0.089880 0.034710 0.994746
48.900000000 -9.134146 7.103477 -0.370128 0.030790 0.081467 0.034569 0.995600
49.000000000 -8.778749 7.025095 -0.412674 0.026694 0.072740 0.034020 0.996413
49.100000000 -8.408923 6.941748 -0.458884 0.022844 0.064853 0.033244 0.997079
49.200000000 -8.028787 6.855198 -0.500724 0.019623 0.058364 0.032638 0.997569
49.300000000 -7.640641 6.766483 -0.541930 0.017458 0.054445 0.032160 0.997846
49.400000000 -7.246353 6.676316 -0.582602 0.016470 0.053628 0.031253 0.997936
49.500000000 -6.846889 6.585188 -0.625387 0.016815 0.056041 0.030763 0.997813
49.600000000 -6.442425 6.493123 -0.667424 0.018344 0.061691 0.029988 0.997476
49.700000000 -6.028842 6.398873 -0.708906 0.020756 0.070008 0.029684 0.996889
49.800000000 -5.602254 6.301123 -0.748660 0.023349 0.079081 0.029646 0.996154
49.900000000 -5.157164 6.198322 -0.790128 0.025143 0.086275 0.029818 0.995508
50.000000000 -4.689079 6.089267 -0.833281 0.025538 0.089959 0.030216 0.995159
50.100000000 -4.196745 5.973837 -0.879103 0.024525 0.089914 0.029786 0.995202
50.200000000 -3.681166 5.852921 -0.925206 0.022793 0.087844 0.029872 0.995425
50.300000000 -3.145463 5.727371 -0.974593 0.020689 0.084855 0.029808 0.995732
50.400000000 -2.591757 5.598181 -1.024735 0.018682 0.082253 0.029837 0.995990
50.500000000 -2.021009 5.466235 -1.075073 0.016880 0.079979 0.029894 0.996205
50.600000000 -1.433262 5.331706 -1.125773 0.015083 0.077548 0.030026 0.996422
50.700000000 -0.828708 5.194662 -1.177150 0.013273 0.074702 0.030368 0.996655
50.800000000 -0.208162 5.056600 -1.225315 0.011394 0.071232 0.030641 0.996924
50.900000000 0.427383 4.916717 -1.275822 0.009535 0.067170 0.031486 0.997199
51.000000000 1.076703 4.776160 -1.325620 0.007783 0.063465 0.032191 0.997434
51.100000000 1.738050 4.635134 -1.375731 0.006325 0.060215 0.032882 0.997624
51.200000000 2.410965 4.494411 -1.424803 0.004839 0.056894 0.033737 0.997798
51.300000000 3.095332 4.353637 -1.473084 0.003477 0.053504 0.034768 0.997956
51.400000000 3.790056 4.213915 -1.517811 0.001932 0.049817 0.035419 0.998128
51.500000000 4.493741 4.074450 -1.565476 0.000517 0.045561 0.036414 0.998298
51.600000000 5.206417 3.937113 -1.609132 -0.001056 0.040814 0.037776 0.998452
51.700000000 5.925714 3.801076 -1.654604 -0.002937 0.034891 0.039059 0.998623
51.800000000 6.652423 3.666680 -1.698455 -0.004972 0.027852 0.040477 0.998780
51.900000000 7.382322 3.534548 -1.743990 -0.006828 0.020896 0.042151 0.998869
52.000000000 8.114190 3.405895 -1.784424 -0.008692 0.013753 0.043618 0.998916
52.100000000 8.843987 3.280980 -1.824525 -0.010106 0.007409 0.045187 0.998900
52.200000000 9.569422 3.160334 -1.863537 -0.011427 0.000948 0.046418 0.998856
52.300000000 10.289008 3.044311 -1.897906 -0.012355 -0.004204 0.047904 0.998767
52.400000000 10.999475 2.932950 -1.934859 -0.012596 -0.007579 0.049165 0.998683
52.500000000 11.700615 2.826561 -1.970716 -0.012293 -0.009203 0.050202 0.998621
52.600000000 12.392294 2.724563 -2.006720 -0.011378 -0.008760 0.051515 0.998569
52.700000000 13.076633 2.626802 -2.040630 -0.010381 -0.008379 0.052760 0.998518
52.800000000 13.754289 2.532289 -2.074043 -0.009318 -0.007545 0.054196 0.998458
52.900000000 14.427526 2.440540 -2.106518 -0.008803 -0.008556 0.055570 0.998379
53.000000000 15.096344 2.351062 -2.139183 -0.008951 -0.011375 0.056651 0.998289
53.100000000 15.759785 2.264510 -2.168151 -0.009527 -0.015620 0.057876 0.998156
53.200000000 16.413619 2.181126 -2.198600 -0.010137 -0.020329 0.058757 0.998014
53.300000000 17.060046 2.100305 -2.228856 -0.010996 -0.025277 0.059030 0.997876
53.400000000 17.692849 2.023374 -2.257705 -0.011314 -0.028845 0.059463 0.997750
53.500000000 18.310930 1.950286 -2.288976 -0.011109 -0.030163 0.060116 0.997674
53.600000000 18.914387 1.880918 -2.316705 -0.010389 -0.029784 0.060937 0.997643
53.700000000 19.504223 1.814922 -2.343008 -0.009399 -0.028238 0.061970 0.997634
53.800000000 20.082448 1.751509 -2.373996 -0.008698 -0.026950 0.062643 0.997634
53.900000000 20.649796 1.690463 -2.401721 -0.008062 -0.026142 0.063019 0.997637
54.000000000 21.205988 1.631887 -2.428136 -0.007481 -0.025261 0.063228 0.997651
54.100000000 21.751054 1.575604 -2.455102 -0.006791 -0.023868 0.063421 0.997678
54.200000000 22.285185 1.521574 -2.481279 -0.006014 -0.022024 0.063726 0.997706
54.300000000 22.809082 1.469522 -2.506703 -0.005209 -0.019713 0.064124 0.997734
54.400000000 23.324282 1.418951 -2.532490 -0.004509 -0.017583 0.064575 0.997748
54.500000000 23.832418 1.369648 -2.557555 -0.004153 -0.016216 0.064743 0.997762
54.600000000 24.333523 1.321926 -2.579628 -0.004240 -0.016512 0.065145 0.997730
54.700000000 24.831864 1.274336 -2.603487 -0.004883 -0.018621 0.065435 0.997671
54.800000000 25.321260 1.228526 -2.626319 -0.005759 -0.021518 0.065653 0.997594
54.900000000 25.800646 1.184565 -2.651277 -0.006810 -0.024787 0.066051 0.997485
55.000000000 26.273024 1.141980 -2.674264 -0.007963 -0.028645 0.066172 0.997365
55.100000000 26.730183 1.102373 -2.698547 -0.008957 -0.031842 0.066447 0.997242
55.200000000 27.178892 1.064543 -2.719546 -0.010081 -0.035618 0.066772 0.997081
55.300000000 27.613967 1.029463 -2.739936 -0.011085 -0.039056 0.066657 0.996950
55.400000000 28.033585 0.997556 -2.759873 -0.011655 -0.040988 0.066871 0.996851
55.500000000 28.437727 0.968890 -2.777758 -0.011812 -0.041611 0.067085 0.996809
55.600000000 28.825311 0.943583 -2.797131 -0.011621 -0.041164 0.067117 0.996828
55.700000000 29.196726 0.921552 -2.815980 -0.010851 -0.038908 0.067246 0.996918
55.800000000 29.552621 0.902676 -2.835055 -0.009643 -0.035228 0.067479 0.997052
55.900000000 29.895111 0.886458 -2.853739 -0.008183 -0.030770 0.067916 0.997183
56.000000000 30.226420 0.872359 -2.871938 -0.006793 -0.026760 0.068171 0.997292
56.100000000 30.548153 0.859959 -2.889661 -0.005506 -0.023030 0.068479 0.997372
56.200000000 30.861842 0.848634 -2.908104 -0.004582 -0.020548 0.068766 0.997411
56.300000000 31.169873 0.838325 -2.924630 -0.004121 -0.019770 0.069340 0.997389
56.400000000 31.474341 0.828408 -2.942645 -0.004311 -0.021276 0.069644 0.997336
56.500000000 31.769008 0.819662 -2.957138 -0.004749 -0.023324 0.069902 0.997270
56.600000000 32.057076 0.811588 -2.972931 -0.005508 -0.026165 0.070150 0.997178
56.700000000 32.333192 0.805208 -2.985368 -0.006163 -0.028124 0.070088 0.997125
56.800000000 32.598248 0.800345 -3.000766 -0.006733 -0.029413 0.069914 0.997097
56.900000000 32.851507 0.797268 -3.016735 -0.007139 -0.029945 0.069924 0.997077
57.000000000 33.093442 0.796068 -3.030506 -0.007491 -0.030208 0.069963 0.997064
57.100000000 33.324265 0.796728 -3.044373 -0.007721 -0.030017 0.070053 0.997062
57.200000000 33.543479 0.799447 -3.058402 -0.007875 -0.029664 0.069973 0.997077
57.300000000 33.750816 0.804415 -3.068411 -0.007746 -0.028357 0.069927 0.997119
57.400000000 33.946639 0.811497 -3.082412 -0.007389 -0.026351 0.069921 0.997177
57.500000000 34.131825 0.820586 -3.096812 -0.006779 -0.023629 0.069940 0.997248
57.600000000 34.307185 0.831667 -3.110830 -0.006015 -0.020596 0.070006 0.997316
57.700000000 34.473849 0.844546 -3.123498 -0.005092 -0.017310 0.070069 0.997379
57.800000000 34.632924 0.858932 -3.136622 -0.004053 -0.013901 0.070190 0.997429
57.900000000 34.784550 0.874677 -3.149654 -0.002937 -0.010243 0.070302 0.997469
58.000000000 34.930941 0.891437 -3.162427 -0.001816 -0.006709 0.070432 0.997492
58.100000000 35.072625 0.908943 -3.174074 -0.000768 -0.003271 0.070505 0.997506
58.200000000 35.211712 0.926779 -3.187394 0.000168 -0.000336 0.070729 0.997496
58.300000000 35.348054 0.944914 -3.197422 0.000875 0.002054 0.070731 0.997493
58.400000000 35.482456 0.963206 -3.210839 0.001531 0.004115 0.070750 0.997484
58.500000000 35.615214 0.981667 -3.222093 0.002134 0.006043 0.070763 0.997473
58.600000000 35.746954 0.999964 -3.235877 0.002594 0.007802 0.070890 0.997450
58.700000000 35.878010 1.018165 -3.248463 0.003011 0.009192 0.070931 0.997434
58.800000000 36.007806 1.035654 -3.261108 0.003181 0.010670 0.070959 0.997417
58.900000000 36.138513 1.052974 -3.272881 0.003226 0.011581 0.070909 0.997410
59.000000000 36.269597 1.069966 -3.286171 0.003174 0.012311 0.070951 0.997399
59.100000000 36.399845 1.086984 -3.299047 0.003078 0.013019 0.070884 0.997395
59.200000000 36.532035 1.103687 -3.311275 0.002894 0.013052 0.070934 0.997391
59.300000000 36.665095 1.120290 -3.324151 0.002709 0.012578 0.070890 0.997401
59.400000000 36.798971 1.137096 -3.338224 0.002535 0.011744 0.070919 0.997410
59.500000000 36.933046 1.153875 -3.353221 0.002496 0.010636 0.070962 0.997419
59.600000000 37.066985 1.170826 -3.365465 0.002484 0.009257 0.071026 0.997428
59.700000000 37.200756 1.187793 -3.380338 0.002494 0.007813 0.071034 0.997440
59.800000000 37.332555 1.204629 -3.392766 0.002535 0.006736 0.071144 0.997440
59.900000000 37.462679 1.221307 -3.407350 0.002583 0.006111 0.071184 0.997441
60.000000000 37.590551 1.237787 -3.421207 0.002575 0.006007 0.071163 0.997443
60.100000000 37.716117 1.254086 -3.435033 0.002602 0.006425 0.071037 0.997450
60.200000000 37.839540 1.270286 -3.449539 0.002701 0.007389 0.070903 0.997452
60.300000000 37.961282 1.286376 -3.463897 0.002841 0.008721 0.070703 0.997455
60.400000000 38.081964 1.302241 -3.475949 0.003013 0.010205 0.070565 0.997450
60.500000000 38.202174 1.317952 -3.490333 0.003233 0.011595 0.070308 0.997453
60.600000000 38.322672 1.333651 -3.505111 0.003477 0.012779 0.070104 0.997452
60.700000000 38.443427 1.349201 -3.520072 0.003794 0.013885 0.069973 0.997445
60.800000000 38.564909 1.364443 -3.534582 0.004102 0.014789 0.069942 0.997433
60.900000000 38.687132 1.379184 -3.548602 0.004330 0.015655 0.069985 0.997416
61.000000000 38.809958 1.393273 -3.562916 0.004389 0.016696 0.069990 0.997398
61.100000000 38.933921 1.406455 -3.578090 0.004266 0.017781 0.069748 0.997397
61.200000000 39.059542 1.419218 -3.592860 0.003901 0.018667 0.069632 0.997390
61.300000000 39.187437 1.431534 -3.608009 0.003447 0.019144 0.069557 0.997388
61.400000000 39.317485 1.443727 -3.622730 0.002961 0.019227 0.069374 0.997401
61.500000000 39.449965 1.455916 -3.637781 0.002490 0.018894 0.069360 0.997410
61.600000000 39.584669 1.468244 -3.652492 0.002094 0.018162 0.069343 0.997425
61.700000000 39.721302 1.480828 -3.668652 0.001759 0.017161 0.069341 0.997444
61.800000000 39.859393 1.493694 -3.685559 0.001505 0.016000 0.069390 0.997460
61.900000000 39.998613 1.506906 -3.700065 0.001260 0.014659 0.069545 0.997470
62.000000000 40.138381 1.520465 -3.716678 0.001110 0.013495 0.069594 0.997484
62.100000000 40.278374 1.534398 -3.729759 0.000984 0.012355 0.069608 0.997497
62.200000000 40.418084 1.548582 -3.747955 0.000968 0.011579 0.069565 0.997510
62.300000000 40.557236 1.563267 -3.764260 0.001012 0.011179 0.069532 0.997517
62.400000000 40.695839 1.578307 -3.778546 0.001129 0.010956 0.069550 0.997518
62.500000000 40.834449 1.593538 -3.795319 0.001215 0.010741 0.069528 0.997521
62.600000000 40.972433 1.608965 -3.811662 0.001334 0.010795 0.069525 0.997521
62.700000000 41.109454 1.624684 -3.825777 0.001538 0.011225 0.069522 0.997516
62.800000000 41.246550 1.640456 -3.841848 0.001690 0.011647 0.069515 0.997512
62.900000000 41.383057 1.656356 -3.857847 0.001857 0.012324 0.069494 0.997504
63.000000000 41.519860 1.672226 -3.873857 0.001993 0.013051 0.069388 0.997502
63.100000000 41.656485 1.688221 -3.888305 0.002149 0.013988 0.069290 0.997496
63.200000000 41.793926 1.704209 -3.904495 0.002300 0.014896 0.069304 0.997482
63.300000000 41.932208 1.720129 -3.920231 0.002408 0.015707 0.069265 0.997472
63.400000000 42.071129 1.736067 -3.936362 0.002557 0.016548 0.069150 0.997466
63.500000000 42.211867 1.751955 -3.951750 0.002617 0.017035 0.069100 0.997461
63.600000000 42.354155 1.767764 -3.967996 0.002687 0.017457 0.069127 0.997451
63.700000000 42.497130 1.783529 -3.982974 0.002703 0.017680 0.069190 0.997443
63.800000000 42.642797 1.799069 -3.999671 0.002682 0.017556 0.069243 0.997442
63.900000000 42.790144 1.814623 -4.015634 0.002589 0.017221 0.069337 0.997441
64.000000000 42.938697 1.830165 -4.030874 0.002481 0.016815 0.069383 0.997445
64.100000000 43.088628 1.845675 -4.045600 0.002322 0.016293 0.069481 0.997448
64.200000000 43.239767 1.861160 -4.060601 0.002149 0.015695 0.069555 0.997452
64.300000000 43.391794 1.876697 -4.076938 0.001964 0.015115 0.069670 0.997454
64.400000000 43.544472 1.892334 -4.091240 0.001785 0.014554 0.069750 0.997457
64.500000000 43.697650 1.908074 -4.106561 0.001644 0.014113 0.069794 0.997460
64.600000000 43.851017 1.924061 -4.122624 0.001551 0.013898 0.069853 0.997459
64.700000000 44.004497 1.940312 -4.137986 0.001520 0.013869 0.069962 0.997452
64.800000000 44.158200 1.956771 -4.153219 0.001556 0.014014 0.069969 0.997449
64.900000000 44.311914 1.973529 -4.166124 0.001664 0.014398 0.070045 0.997439
65.000000000 44.465795 1.990444 -4.181671 0.001898 0.015024 0.070061 0.997428
65.100000000 44.620216 2.007691 -4.196541 0.002184 0.015872 0.070100 0.997411
65.200000000 44.775292 2.025059 -4.210787 0.002569 0.016880 0.070163 0.997389
65.300000000 44.931460 2.042443 -4.225387 0.002943 0.017970 0.070194 0.997367
65.400000000 45.088918 2.059781 -4.239303 0.003357 0.019067 0.070215 0.997344
65.500000000 45.248157 2.076950 -4.253477 0.003771 0.020154 0.070238 0.997320
65.600000000 45.409532 2.093826 -4.268424 0.004174 0.021179 0.070286 0.997293
65.700000000 45.573394 2.110332 -4.283465 0.004533 0.022056 0.070323 0.997270
65.800000000 45.739844 2.126371 -4.298383 0.004849 0.022783 0.070439 0.997244
65.900000000 45.909371 2.141882 -4.312573 0.005075 0.023234 0.070510 0.997228
66.000000000 46.082096 2.156763 -4.328494 0.005215 0.023505 0.070541 0.997218
66.100000000 46.257272 2.171114 -4.344298 0.005404 0.023869 0.070562 0.997207
66.200000000 46.435362 2.184900 -4.359359 0.005629 0.024336 0.070482 0.997200
66.300000000 46.615952 2.198141 -4.373724 0.005964 0.025134 0.070393 0.997185
66.400000000 46.798984 2.210938 -4.389680 0.006454 0.026529 0.070361 0.997148
66.500000000 46.985053 2.222995 -4.405673 0.007072 0.028215 0.070315 0.997101
66.600000000 47.175628 2.234032 -4.421438 0.007637 0.029759 0.070239 0.997057
66.700000000 47.370213 2.243970 -4.438153 0.008171 0.031407 0.070181 0.997006
66.800000000 47.571029 2.252460 -4.455093 0.008466 0.032300 0.070238 0.996971
66.900000000 47.777550 2.259436 -4.470567 0.008535 0.032647 0.070111 0.996968
67.000000000 47.989284 2.265326 -4.488102 0.008558 0.032830 0.069970 0.996972
67.100000000 48.206593 2.269894 -4.506345 0.008532 0.032885 0.069889 0.996976
67.200000000 48.428119 2.273172 -4.524879 0.008430 0.032895 0.069901 0.996976
67.300000000 48.657361 2.274761 -4.543256 0.007998 0.031913 0.070033 0.997002
67.400000000 48.892526 2.275020 -4.562377 0.007337 0.030286 0.070102 0.997053
67.500000000 49.133370 2.273855 -4.579097 0.006415 0.028057 0.069815 0.997145
67.600000000 49.377626 2.272127 -4.598655 0.005582 0.025926 0.069733 0.997213
67.700000000 49.625216 2.269807 -4.618469 0.004779 0.023769 0.069647 0.997277
67.800000000 49.875540 2.267103 -4.638454 0.004026 0.021664 0.069562 0.997334
67.900000000 50.127995 2.264158 -4.658289 0.003384 0.019834 0.069488 0.997380
68.000000000 50.381904 2.261120 -4.675757 0.002852 0.018257 0.069521 0.997409
68.100000000 50.636893 2.258069 -4.695781 0.002353 0.016694 0.069599 0.997433
68.200000000 50.893174 2.254907 -4.716178 0.001851 0.014985 0.069719 0.997452
68.300000000 51.150309 2.251791 -4.735323 0.001216 0.012963 0.069850 0.997473
68.400000000 51.407890 2.248675 -4.756672 0.000493 0.010691 0.069982 0.997491
68.500000000 51.665208 2.245862 -4.775986 -0.000311 0.008220 0.070122 0.997505
68.600000000 51.921526 2.243410 -4.797071 -0.001110 0.005791 0.070123 0.997521
68.700000000 52.174972 2.241915 -4.813685 -0.001765 0.003795 0.070043 0.997535
68.800000000 52.425397 2.241367 -4.834815 -0.002230 0.002372 0.070123 0.997533
68.900000000 52.672237 2.241808 -4.854569 -0.002443 0.001456 0.070276 0.997524
69.000000000 52.915855 2.243270 -4.874401 -0.002458 0.001161 0.070388 0.997516
69.100000000 53.154901 2.245893 -4.893768 -0.002256 0.001470 0.070502 0.997508
69.200000000 53.390710 2.249548 -4.913364 -0.001889 0.002402 0.070578 0.997502
69.300000000 53.622758 2.254120 -4.933384 -0.001299 0.004002 0.070679 0.997490
69.400000000 53.851792 2.259463 -4.952982 -0.000557 0.006054 0.070784 0.997473
69.500000000 54.078730 2.265373 -4.972314 0.000261 0.008336 0.070931 0.997446
69.600000000 54.304444 2.271642 -4.991214 0.001099 0.010588 0.071072 0.997414
69.700000000 54.528912 2.278144 -5.010655 0.002004 0.013048 0.071087 0.997383
69.800000000 54.753555 2.284675 -5.030189 0.002943 0.015490 0.071173 0.997339
69.900000000 54.978826 2.291023 -5.048963 0.003918 0.017909 0.071331 0.997284
70.000000000 55.205843 2.296796 -5.069687 0.004872 0.020270 0.071560 0.997218
70.100000000 55.436522 2.301690 -5.089536 0.005504 0.021586 0.071760 0.997173
70.200000000 55.670233 2.305417 -5.109216 0.005856 0.022253 0.072040 0.997136
70.300000000 55.907448 2.308000 -5.129706 0.005895 0.022231 0.072175 0.997127
70.400000000 56.148321 2.309282 -5.150275 0.005528 0.021413 0.072054 0.997156
70.500000000 56.391697 2.309590 -5.170278 0.004942 0.020061 0.071754 0.997208
70.600000000 56.636613 2.308763 -5.190994 0.004054 0.018340 0.071743 0.997246
70.700000000 56.885340 2.307249 -5.209755 0.002980 0.015654 0.071765 0.997294
70.800000000 57.135537 2.305369 -5.232353 0.001787 0.012544 0.071856 0.997335
70.900000000 57.386222 2.303342 -5.251489 0.000537 0.009249 0.071907 0.997368
71.000000000 57.634986 2.301568 -5.272893 -0.000549 0.006266 0.071567 0.997416
71.100000000 57.881683 2.300357 -5.291200 -0.001726 0.003608 0.071563 0.997428
71.200000000 58.125657 2.299887 -5.312647 -0.002518 0.001329 0.071555 0.997433
71.300000000 58.365456 2.300672 -5.330604 -0.003211 -0.000503 0.071720 0.997419
71.400000000 58.601708 2.302361 -5.351988 -0.003665 -0.001818 0.071829 0.997409
71.500000000 58.833405 2.305324 -5.372214 -0.004001 -0.002715 0.072020 0.997391
71.600000000 59.060313 2.309588 -5.390715 -0.004167 -0.003180 0.072284 0.997370
71.700000000 59.283084 2.314948 -5.410833 -0.004295 -0.003388 0.072428 0.997359
71.800000000 59.500834 2.321621 -5.430696 -0.004224 -0.003040 0.072534 0.997352
71.900000000 59.713566 2.329695 -5.449799 -0.003934 -0.002051 0.072651 0.997348
72.000000000 59.921483 2.338975 -5.468530 -0.003358 -0.000261 0.072741 0.997345
72.100000000 60.125240 2.349514 -5.487743 -0.002611 0.002046 0.072860 0.997337
72.200000000 60.325973 2.360990 -5.506642 -0.001758 0.004523 0.073104 0.997313
72.300000000 60.524595 2.373204 -5.524229 -0.000943 0.006756 0.073573 0.997266
72.400000000 60.722500 2.385524 -5.542850 -0.000176 0.008528 0.073981 0.997223
72.500000000 60.920520 2.398249 -5.560978 0.000316 0.009595 0.074393 0.997183
72.600000000 61.118028 2.411076 -5.579544 0.000705 0.010351 0.074766 0.997147
72.700000000 61.314979 2.423927 -5.596539 0.001014 0.010885 0.075135 0.997113
72.800000000 61.511873 2.436645 -5.614533 0.001217 0.011233 0.075415 0.997088
72.900000000 61.708653 2.449273 -5.632336 0.001267 0.011377 0.075663 0.997068
73.000000000 61.905487 2.461760 -5.651171 0.001184 0.011344 0.075900 0.997050
73.100000000 62.101664 2.474169 -5.669326 0.001129 0.011289 0.075973 0.997045
73.200000000 62.297622 2.486622 -5.686439 0.000928 0.011134 0.076253 0.997026
73.300000000 62.493475 2.498988 -5.705296 0.000795 0.010884 0.076450 0.997014
73.400000000 62.687657 2.511768 -5.722343 0.000731 0.011102 0.076690 0.996993
73.500000000 62.882279 2.524589 -5.740944 0.000718 0.011183 0.076945 0.996972
73.600000000 63.076325 2.537678 -5.757527 0.000743 0.011280 0.077383 0.996937
73.700000000 63.269893 2.550671 -5.776394 0.000923 0.011606 0.077671 0.996911
73.800000000 63.463172 2.564039 -5.794981 0.001038 0.011884 0.078106 0.996874
73.900000000 63.656513 2.577553 -5.811014 0.001132 0.011973 0.078492 0.996842
74.000000000 63.849521 2.590937 -5.830601 0.001200 0.012313 0.078838 0.996811
74.100000000 64.042814 2.604315 -5.848140 0.001228 0.012245 0.079229 0.996780
74.200000000 64.236354 2.617579 -5.866978 0.001199 0.012210 0.079575 0.996753
74.300000000 64.429362 2.631025 -5.883652 0.001195 0.012205 0.079840 0.996732
74.400000000 64.622659 2.644300 -5.901934 0.001136 0.012142 0.080141 0.996709
74.500000000 64.815258 2.657706 -5.920398 0.001115 0.012334 0.080470 0.996680
74.600000000 65.006609 2.671018 -5.938855 0.001130 0.012685 0.080721 0.996655
74.700000000 65.199333 2.684465 -5.956904 0.001147 0.012872 0.081038 0.996627
74.800000000 65.391756 2.698166 -5.973231 0.001208 0.013113 0.081260 0.996606
74.900000000 65.584452 2.711726 -5.992135 0.001241 0.013368 0.081612 0.996574
75.000000000 65.777668 2.725248 -6.010906 0.001243 0.013427 0.081977 0.996543
75.100000000 65.971059 2.738827 -6.028285 0.001212 0.013211 0.082378 0.996513
75.200000000 66.164940 2.752356 -6.045732 0.001098 0.012733 0.082732 0.996490
75.300000000 66.359198 2.765784 -6.063949 0.000940 0.012071 0.083023 0.996474
75.400000000 66.553160 2.779456 -6.083311 0.000707 0.011415 0.083438 0.996447
75.500000000 66.746748 2.793033 -6.101933 0.000526 0.010793 0.083768 0.996427
75.600000000 66.939538 2.806815 -6.120024 0.000361 0.010337 0.083962 0.996415
75.700000000 67.131112 2.820943 -6.135120 0.000209 0.010035 0.084188 0.996399
75.800000000 67.322174 2.835074 -6.153661 0.000112 0.009890 0.084450 0.996379
75.900000000 67.512283 2.849491 -6.171820 0.000012 0.009735 0.084720 0.996357
76.000000000 67.701581 2.864147 -6.189725 -0.000079 0.009611 0.084965 0.996338
76.100000000 67.889861 2.879194 -6.205272 -0.000134 0.009476 0.085289 0.996311
76.200000000 68.077492 2.894422 -6.223630 -0.000159 0.009425 0.085553 0.996289
76.300000000 68.263624 2.910096 -6.240539 -0.000105 0.009561 0.085826 0.996264
76.400000000 68.448880 2.926049 -6.258279 0.000006 0.009818 0.086114 0.996237
76.500000000 68.633347 2.942281 -6.276320 0.000146 0.010175 0.086339 0.996214
76.600000000 68.816726 2.958826 -6.292363 0.000303 0.010556 0.086642 0.996184
76.700000000 68.999786 2.975478 -6.310431 0.000483 0.010964 0.086881 0.996158
76.800000000 69.182195 2.992253 -6.328266 0.000657 0.011438 0.087127 0.996131
76.900000000 69.364036 3.009141 -6.344178 0.000815 0.011848 0.087492 0.996094
77.000000000 69.545971 3.025962 -6.361627 0.000938 0.012145 0.087722 0.996071
77.100000000 69.727981 3.042814 -6.379451 0.000923 0.012253 0.087966 0.996048
77.200000000 69.909793 3.059641 -6.395167 0.000840 0.012183 0.088170 0.996031
77.300000000 70.091776 3.076387 -6.413365 0.000738 0.012108 0.088235 0.996026
77.400000000 70.272759 3.093432 -6.429289 0.000684 0.012275 0.088268 0.996021
77.500000000 70.453686 3.110581 -6.447192 0.000639 0.012553 0.088443 0.996002
77.600000000 70.634396 3.127781 -6.465871 0.000677 0.012849 0.088668 0.995978
77.700000000 70.816238 3.145146 -6.482688 0.000628 0.012719 0.088836 0.995965
77.800000000 70.997508 3.162688 -6.500303 0.000654 0.012798 0.089057 0.995944
77.900000000 71.178803 3.180417 -6.518116 0.000739 0.012885 0.089306 0.995921
78.000000000 71.359029 3.198197 -6.536681 0.000917 0.013523 0.089545 0.995891
78.100000000 71.540467 3.216202 -6.554730 0.001076 0.013754 0.089734 0.995870
78.200000000 71.721700 3.234252 -6.572967 0.001262 0.014237 0.089908 0.995847
78.300000000 71.903470 3.252332 -6.589652 0.001429 0.014633 0.090179 0.995817
78.400000000 72.086230 3.270056 -6.609950 0.001505 0.014705 0.090448 0.995791
78.500000000 72.270430 3.287710 -6.627830 0.001348 0.014269 0.090729 0.995772
78.600000000 72.455650 3.305242 -6.646726 0.001060 0.013311 0.090773 0.995782
78.700000000 72.640883 3.322711 -6.664666 0.000681 0.012365 0.090879 0.995785
78.800000000 72.826884 3.340311 -6.682120 0.000257 0.010987 0.090960 0.995794
78.900000000 73.011241 3.357894 -6.702129 -0.000184 0.009999 0.091050 0.995796
79.000000000 73.195596 3.375948 -6.720970 -0.000541 0.009019 0.091078 0.995803
79.100000000 73.378336 3.394464 -6.738263 -0.000803 0.008275 0.091191 0.995799
79.200000000 73.559755 3.413352 -6.756975 -0.000994 0.007705 0.091335 0.995790
79.300000000 73.739694 3.432726 -6.775265 -0.001141 0.007132 0.091532 0.995776
79.400000000 73.918307 3.452586 -6.792420 -0.001254 0.006635 0.091713 0.995763
79.500000000 74.094911 3.472942 -6.811222 -0.001280 0.006445 0.091834 0.995753
79.600000000 74.269209 3.493971 -6.826887 -0.001194 0.006535 0.092031 0.995734
79.700000000 74.441866 3.515372 -6.845661 -0.001037 0.006838 0.092192 0.995717
79.800000000 74.612354 3.537284 -6.861862 -0.000815 0.007369 0.092441 0.995691
79.900000000 74.781372 3.559437 -6.879832 -0.000508 0.008072 0.092567 0.995674
80.000000000 74.949068 3.582044 -6.899076 -0.000245 0.008863 0.092808 0.995645
80.100000000 75.115871 3.604829 -6.917359 0.000005 0.009618 0.092990 0.995621
80.200000000 75.281604 3.627834 -6.935180 0.000274 0.010496 0.093069 0.995604
80.300000000 75.446135 3.651091 -6.952005 0.000610 0.011667 0.093015 0.995596
80.400000000 75.610144 3.674511 -6.970134 0.001008 0.013200 0.092940 0.995584
80.500000000 75.773778 3.698006 -6.988313 0.001481 0.015012 0.093083 0.995544
80.600000000 75.938077 3.721427 -7.006408 0.001944 0.016669 0.093252 0.995501
80.700000000 76.103694 3.744673 -7.024688 0.002317 0.018099 0.093440 0.995458
80.800000000 76.270931 3.767679 -7.042419 0.002598 0.019237 0.093524 0.995428
80.900000000 76.440328 3.790372 -7.061631 0.002778 0.020108 0.093552 0.995407
81.000000000 76.611759 3.812779 -7.080302 0.002896 0.020657 0.093582 0.995393
81.100000000 76.785941 3.834864 -7.099656 0.002913 0.020858 0.093648 0.995383
81.200000000 76.962235 3.856696 -7.118341 0.002903 0.020828 0.093717 0.995377
81.300000000 77.140974 3.878252 -7.138906 0.002854 0.020535 0.093869 0.995369
81.400000000 77.322293 3.899580 -7.158449 0.002714 0.019993 0.094001 0.995368
81.500000000 77.505207 3.920680 -7.177694 0.002560 0.019378 0.094077 0.995373
81.600000000 77.690074 3.941589 -7.197312 0.002467 0.018734 0.094022 0.995391
81.700000000 77.874555 3.962348 -7.219553 0.002381 0.018478 0.094035 0.995395
81.800000000 78.062011 3.983023 -7.240251 0.002275 0.017822 0.094055 0.995405
81.900000000 78.251040 4.003534 -7.260693 0.002184 0.017103 0.094140 0.995410
82.000000000 78.441275 4.023863 -7.279385 0.002067 0.016228 0.094350 0.995405
82.100000000 78.632874 4.044066 -7.301033 0.001874 0.015022 0.094568 0.995403
82.200000000 78.825972 4.064011 -7.321077 0.001550 0.013214 0.094739 0.995413
82.300000000 79.019941 4.083676 -7.341164 0.000963 0.010693 0.094828 0.995436
82.400000000 79.214545 4.103160 -7.362211 0.000231 0.007687 0.094746 0.995472
82.500000000 79.407513 4.122762 -7.378215 -0.000466 0.004743 0.094579 0.995506
82.600000000 79.598031 4.142855 -7.399229 -0.001057 0.002102 0.094540 0.995518
82.700000000 79.785546 4.163279 -7.419681 -0.001422 -0.000034 0.094504 0.995523
82.800000000 79.968928 4.184302 -7.439283 -0.001670 -0.001535 0.094384 0.995533
82.900000000 80.147330 4.205896 -7.456568 -0.001751 -0.002410 0.094469 0.995523
83.000000000 80.321598 4.227928 -7.475517 -0.001665 -0.002663 0.094406 0.995529
83.100000000 80.491094 4.250434 -7.493988 -0.001488 -0.002400 0.094413 0.995529
83.200000000 80.656172 4.273313 -7.512234 -0.001227 -0.001688 0.094305 0.995541
83.300000000 80.817188 4.296504 -7.529482 -0.000917 -0.000683 0.094242 0.995549
83.400000000 80.974565 4.319952 -7.546884 -0.000603 0.000563 0.094161 0.995557
83.500000000 81.128784 4.343571 -7.563513 -0.000285 0.001922 0.094172 0.995554
83.600000000 81.280260 4.367290 -7.580331 0.000013 0.003320 0.094146 0.995553
83.700000000 81.429420 4.391042 -7.596702 0.000262 0.004766 0.094080 0.995553
83.800000000 81.576692 4.414797 -7.612816 0.000461 0.006186 0.093982 0.995555
83.900000000 81.722430 4.438632 -7.627332 0.000612 0.007515 0.093687 0.995573
84.000000000 81.867221 4.462529 -7.643152 0.000700 0.008698 0.093598 0.995572
84.100000000 82.011211 4.486303 -7.656783 0.000759 0.009672 0.093514 0.995571
84.200000000 82.154828 4.510209 -7.671872 0.000797 0.010475 0.093415 0.995572
84.300000000 82.298197 4.534224 -7.687071 0.000807 0.011150 0.093327 0.995573
84.400000000 82.441059 4.558246 -7.702122 0.000824 0.011784 0.093147 0.995582
84.500000000 82.584058 4.582483 -7.717000 0.000794 0.012313 0.093017 0.995588
84.600000000 82.727364 4.606872 -7.731086 0.000764 0.012673 0.092979 0.995587
84.700000000 82.870937 4.631366 -7.745866 0.000780 0.012926 0.092869 0.995594
84.800000000 83.014836 4.656139 -7.760105 0.000800 0.013068 0.092755 0.995603
84.900000000 83.157355 4.681114 -7.774307 0.000863 0.013403 0.092656 0.995608
85.000000000 83.301929 4.706289 -7.787906 0.000912 0.013356 0.092598 0.995614
85.100000000 83.446777 4.731644 -7.802104 0.001003 0.013291 0.092550 0.995619
85.200000000 83.591928 4.757102 -7.815693 0.001101 0.013240 0.092451 0.995629
85.300000000 83.737183 4.782644 -7.829780 0.001192 0.013138 0.092315 0.995642
85.400000000 83.882631 4.808354 -7.842904 0.001266 0.012985 0.092251 0.995650
85.500000000 84.028168 4.834103 -7.856647 0.001358 0.012842 0.092211 0.995656
85.600000000 84.173821 4.859789 -7.870160 0.001466 0.012676 0.092131 0.995665
85.700000000 84.319477 4.885537 -7.883353 0.001524 0.012533 0.092124 0.995668
85.800000000 84.465106 4.911102 -7.897116 0.001587 0.012462 0.092062 0.995674
85.900000000 84.610521 4.936596 -7.910632 0.001576 0.012426 0.091957 0.995684
86.000000000 84.756001 4.962007 -7.924351 0.001530 0.012493 0.091879 0.995691
86.100000000 84.901184 4.987321 -7.935579 0.001461 0.012609 0.091757 0.995701
86.200000000 85.046453 5.012623 -7.949004 0.001390 0.012824 0.091638 0.995709
86.300000000 85.191724 5.037934 -7.962213 0.001329 0.013094 0.091491 0.995719
86.400000000 85.337064 5.063323 -7.975370 0.001290 0.013383 0.091404 0.995723
86.500000000 85.482476 5.088795 -7.986385 0.001254 0.013657 0.091257 0.995733
86.600000000 85.628364 5.114397 -7.999508 0.001262 0.013895 0.091192 0.995736
86.700000000 85.774566 5.140124 -8.012788 0.001292 0.014060 0.091137 0.995738
86.800000000 85.921396 5.165835 -8.026192 0.001383 0.014220 0.091019 0.995747
86.900000000 86.068752 5.191744 -8.039170 0.001459 0.014218 0.090951 0.995753
87.000000000 86.216702 5.217743 -8.052537 0.001559 0.014068 0.090946 0.995755
87.100000000 86.365201 5.243709 -8.065979 0.001689 0.013827 0.090962 0.995757
87.200000000 86.514161 5.269632 -8.079424 0.001795 0.013530 0.090959 0.995761
87.300000000 86.663405 5.295470 -8.092515 0.001849 0.013165 0.091001 0.995762
87.400000000 86.812873 5.321116 -8.106335 0.001858 0.012781 0.091016 0.995766
87.500000000 86.962459 5.346545 -8.119804 0.001837 0.012405 0.090922 0.995779
87.600000000 87.111978 5.371974 -8.133488 0.001770 0.012007 0.090899 0.995786
87.700000000 87.260567 5.397339 -8.146960 0.001785 0.012021 0.090882 0.995788
87.800000000 87.409459 5.422554 -8.161415 0.001785 0.011927 0.090903 0.995787
87.900000000 87.558598 5.447618 -8.174959 0.001752 0.011707 0.090920 0.995788
88.000000000 87.706891 5.472614 -8.186669 0.001733 0.011838 0.090786 0.995799
88.100000000 87.855256 5.497587 -8.200404 0.001702 0.011965 0.090787 0.995797
88.200000000 88.003634 5.522323 -8.214112 0.001668 0.012099 0.090805 0.995794
88.300000000 88.151715 5.546958 -8.227794 0.001592 0.012375 0.090859 0.995786
88.400000000 88.299517 5.571490 -8.240047 0.001490 0.012822 0.090807 0.995785
88.500000000 88.447504 5.595777 -8.254147 0.001357 0.013307 0.090608 0.995797
88.600000000 88.595614 5.620175 -8.268466 0.001182 0.013803 0.090567 0.995794
88.700000000 88.743503 5.644669 -8.280834 0.001046 0.014231 0.090610 0.995784
88.800000000 88.890274 5.669294 -8.295265 0.000974 0.014945 0.090586 0.995776
88.900000000 89.040181 5.694227 -8.309818 0.000895 0.015069 0.090578 0.995775
89.000000000 89.190871 5.719343 -8.324801 0.000830 0.014982 0.090528 0.995781
89.100000000 89.342117 5.744897 -8.338890 0.000778 0.014684 0.090498 0.995788
89.200000000 89.494372 5.770757 -8.353998 0.000780 0.014257 0.090567 0.995788
89.300000000 89.647084 5.796702 -8.369421 0.000834 0.013749 0.090580 0.995794
89.400000000 89.800123 5.822888 -8.384681 0.000867 0.013183 0.090621 0.995798
89.500000000 89.953348 5.849215 -8.400331 0.000863 0.012580 0.090729 0.995796
89.600000000 90.106574 5.875604 -8.415967 0.000812 0.011986 0.090847 0.995792
89.700000000 90.259376 5.902096 -8.431466 0.000748 0.011584 0.090870 0.995795
89.800000000 90.411476 5.928749 -8.445228 0.000710 0.011421 0.090869 0.995797
89.900000000 90.563065 5.955535 -8.460891 0.000713 0.011472 0.090888 0.995795
90.000000000 90.714035 5.982593 -8.474942 0.000758 0.011683 0.090867 0.995794
90.100000000 90.864897 6.009879 -8.490730 0.000836 0.011879 0.090847 0.995794
90.200000000 91.015832 6.037419 -8.504226 0.000938 0.011752 0.090844 0.995795
90.300000000 91.167285 6.065049 -8.520194 0.001049 0.011212 0.090910 0.995795
90.400000000 91.318628 6.092807 -8.536759 0.001216 0.010302 0.090939 0.995802
90.500000000 91.470167 6.120697 -8.551302 0.001380 0.008903 0.091107 0.995800
90.600000000 91.621480 6.148551 -8.566411 0.001517 0.007087 0.091308 0.995796
90.700000000 91.771449 6.176131 -8.583201 0.001610 0.005180 0.091450 0.995795
90.800000000 91.919565 6.203434 -8.597818 0.001603 0.003459 0.091581 0.995790
90.900000000 92.064939 6.230374 -8.614396 0.001517 0.002345 0.091661 0.995786
91.000000000 92.206101 6.256853 -8.629947 0.001432 0.002297 0.091625 0.995790
91.100000000 92.343421 6.283018 -8.645730 0.001352 0.003140 0.091579 0.995792
91.200000000 92.477149 6.308906 -8.661153 0.001262 0.004904 0.091374 0.995804
91.300000000 92.608264 6.334698 -8.673788 0.001204 0.007182 0.091141 0.995811
91.400000000 92.737950 6.360460 -8.688488 0.001191 0.009554 0.091072 0.995798
91.500000000 92.867009 6.386278 -8.703756 0.001272 0.011729 0.090972 0.995784
91.600000000 92.996250 6.412272 -8.719030 0.001423 0.013569 0.090793 0.995776
91.700000000 93.126113 6.438469 -8.734328 0.001674 0.015141 0.090747 0.995757
91.800000000 93.257151 6.464728 -8.749012 0.001951 0.016255 0.090826 0.995732
91.900000000 93.390159 6.490909 -8.764890 0.002150 0.016707 0.090842 0.995723
92.000000000 93.525621 6.516908 -8.780054 0.002172 0.016324 0.090824 0.995731
92.100000000 93.663183 6.542724 -8.794917 0.002060 0.015364 0.090606 0.995766
92.200000000 93.799448 6.568636 -8.812448 0.002092 0.015180 0.090479 0.995780
92.300000000 93.936709 6.594350 -8.828660 0.002129 0.015109 0.090412 0.995788
92.400000000 94.074928 6.619820 -8.843194 0.002100 0.015055 0.090425 0.995787
92.500000000 94.214060 6.645103 -8.860041 0.002000 0.014873 0.090442 0.995789
92.600000000 94.353856 6.670182 -8.876782 0.001843 0.014704 0.090453 0.995791
92.700000000 94.494207 6.695188 -8.893458 0.001666 0.014563 0.090290 0.995808
92.800000000 94.635027 6.720148 -8.908108 0.001489 0.014539 0.090204 0.995816
92.900000000 94.776423 6.745234 -8.925858 0.001354 0.014361 0.090160 0.995823
93.000000000 94.917058 6.770444 -8.943157 0.001243 0.014396 0.090251 0.995814
93.100000000 95.060649 6.795671 -8.958763 0.001015 0.013568 0.090260 0.995825
93.200000000 95.203459 6.821176 -8.976831 0.000794 0.012658 0.090325 0.995832
93.300000000 95.347146 6.846730 -8.994133 0.000616 0.011739 0.090313 0.995844
93.400000000 95.490206 6.872518 -9.010641 0.000455 0.010951 0.090380 0.995847
93.500000000 95.632954 6.898510 -9.027994 0.000332 0.010239 0.090361 0.995856
93.600000000 95.774856 6.924760 -9.045007 0.000241 0.009675 0.090332 0.995865
93.700000000 95.915645 6.951284 -9.061096 0.000189 0.009302 0.090421 0.995860
93.800000000 96.055567 6.978076 -9.076738 0.000177 0.008940 0.090427 0.995863
93.900000000 96.194742 7.005107 -9.095295 0.000129 0.008660 0.090487 0.995860
94.000000000 96.332638 7.032363 -9.112422 0.000129 0.008501 0.090498 0.995860
94.100000000 96.469201 7.059917 -9.127431 0.000155 0.008465 0.090525 0.995858
94.200000000 96.604637 7.087684 -9.143608 0.000220 0.008555 0.090526 0.995857
94.300000000 96.738893 7.115717 -9.160731 0.000315 0.008848 0.090537 0.995854
94.400000000 96.871556 7.144000 -9.177390 0.000527 0.009566 0.090425 0.995857
94.500000000 97.002799 7.172543 -9.192755 0.000833 0.010683 0.090412 0.995847
94.600000000 97.133399 7.201178 -9.208806 0.001200 0.011971 0.090344 0.995838
94.700000000 97.264022 7.229897 -9.224906 0.001492 0.013066 0.090414 0.995817
94.800000000 97.395405 7.258474 -9.242171 0.001699 0.013827 0.090462 0.995802
94.900000000 97.527469 7.286966 -9.257483 0.001807 0.014166 0.090476 0.995796
95.000000000 97.660544 7.315349 -9.273780 0.001819 0.014176 0.090552 0.995789
95.100000000 97.794293 7.343576 -9.289807 0.001782 0.014000 0.090569 0.995790
95.200000000 97.928511 7.371772 -9.306363 0.001726 0.013810 0.090565 0.995793
95.300000000 98.062881 7.399943 -9.322672 0.001693 0.013709 0.090551 0.995796
95.400000000 98.197411 7.428116 -9.339601 0.001696 0.013748 0.090578 0.995793
95.500000000 98.332111 7.456241 -9.355936 0.001727 0.013856 0.090540 0.995795
95.600000000 98.466944 7.484384 -9.371069 0.001775 0.014011 0.090572 0.995790
95.700000000 98.602252 7.512480 -9.387186 0.001818 0.014208 0.090597 0.995785
95.800000000 98.738001 7.540540 -9.402361 0.001878 0.014416 0.090537 0.995787
95.900000000 98.873812 7.568556 -9.418186 0.001978 0.014843 0.090551 0.995779
96.000000000 99.010343 7.596485 -9.434189 0.002078 0.015247 0.090611 0.995767
96.100000000 99.147575 7.624321 -9.450185 0.002174 0.015614 0.090695 0.995754
96.200000000 99.286310 7.651891 -9.466659 0.002200 0.015633 0.090755 0.995748
96.300000000 99.426141 7.679356 -9.483409 0.002148 0.015483 0.090783 0.995748
96.400000000 99.566518 7.706738 -9.497939 0.002113 0.015361 0.090756 0.995752
96.500000000 99.707538 7.734059 -9.515504 0.002125 0.015377 0.090790 0.995749
96.600000000 99.849169 7.761262 -9.532238 0.002165 0.015428 0.090876 0.995740
96.700000000 99.991633 7.788372 -9.547443 0.002173 0.015411 0.090940 0.995735
96.800000000 100.134901 7.815320 -9.564042 0.002161 0.015371 0.090994 0.995730
96.900000000 100.278839 7.842149 -9.581019 0.002163 0.015402 0.091059 0.995724
97.000000000 100.423330 7.868883 -9.597986 0.002181 0.015594 0.091079 0.995719
97.100000000 100.568010 7.895563 -9.613603 0.002248 0.016074 0.091133 0.995706
97.200000000 100.713362 7.922090 -9.630310 0.002389 0.016796 0.091165 0.995691
97.300000000 100.859542 7.948549 -9.646569 0.002512 0.017687 0.091235 0.995669
97.400000000 101.006850 7.974787 -9.663886 0.002630 0.018692 0.091352 0.995640
97.500000000 101.155649 8.000851 -9.680073 0.002716 0.019723 0.091425 0.995613
97.600000000 101.306123 8.026750 -9.697405 0.002786 0.020930 0.091466 0.995584
97.700000000 101.458109 8.052500 -9.713063 0.002917 0.022489 0.091462 0.995550
97.800000000 101.612052 8.078129 -9.731037 0.003123 0.024444 0.091491 0.995501
97.900000000 101.768656 8.103668 -9.747657 0.003353 0.026593 0.091533 0.995441
98.000000000 101.928684 8.128976 -9.764454 0.003593 0.028791 0.091502 0.995382
98.100000000 102.092853 8.154243 -9.781753 0.003808 0.030902 0.091542 0.995314
98.200000000 102.261951 8.179252 -9.798981 0.003986 0.032732 0.091523 0.995257
98.300000000 102.436668 8.204112 -9.816495 0.004119 0.034133 0.091501 0.995211
