44.800000000 -3.394175 2.008751 -0.499397 0.014028 0.745233 0.008356 0.666604
44.900000000 -3.885929 2.275881 -0.478345 0.007680 0.741787 0.004874 0.670574
45.000000000 -4.369915 2.543469 -0.457418 0.002193 0.739001 0.002320 0.673697
45.100000000 -4.848690 2.814977 -0.435486 -0.001215 0.737680 0.000940 0.675148
45.200000000 -5.324600 3.092542 -0.414561 -0.002243 0.738257 0.001599 0.674514
45.300000000 -5.796549 3.376151 -0.392946 -0.003027 0.740521 0.006553 0.671994
45.400000000 -6.260580 3.664514 -0.370926 -0.002475 0.743080 0.013915 0.669054
45.500000000 -6.715252 3.955548 -0.349711 -0.001275 0.745313 0.023235 0.666309
45.600000000 -7.157230 4.245537 -0.327029 0.003906 0.746775 0.030035 0.664386
45.700000000 -7.588437 4.530843 -0.305128 0.009160 0.748392 0.036369 0.662196
45.800000000 -8.010540 4.807548 -0.278051 0.013815 0.751286 0.042509 0.658462
45.900000000 -8.420624 5.074504 -0.254213 0.018650 0.754984 0.047184 0.653777
46.000000000 -8.817711 5.329189 -0.228391 0.022743 0.759679 0.051399 0.647865
46.100000000 -9.200313 5.570307 -0.203429 0.025219 0.765070 0.055827 0.641027
46.200000000 -9.565268 5.797087 -0.180608 0.027167 0.770926 0.059400 0.633567
46.300000000 -9.909290 6.009335 -0.159873 0.028833 0.776854 0.062151 0.625943
46.400000000 -10.227492 6.204423 -0.138983 0.029001 0.782559 0.065391 0.618453
46.500000000 -10.515470 6.382226 -0.118187 0.028516 0.787017 0.067694 0.612542
46.600000000 -10.772013 6.543337 -0.105057 0.027223 0.789820 0.069280 0.608805
46.700000000 -10.994210 6.687385 -0.096390 0.025388 0.790809 0.069426 0.607583
46.800000000 -11.182821 6.814963 -0.091618 0.023060 0.790307 0.068523 0.608431
46.900000000 -11.339589 6.927271 -0.089700 0.020496 0.788942 0.066936 0.610467
47.000000000 -11.466621 7.025678 -0.090697 0.017805 0.787162 0.065007 0.613052
47.100000000 -11.565573 7.111247 -0.092827 0.015062 0.785352 0.063101 0.615640
47.200000000 -11.637819 7.185432 -0.099126 0.012541 0.783623 0.061246 0.618083
47.300000000 -11.684365 7.248946 -0.107350 0.010241 0.782127 0.059575 0.620179
47.400000000 -11.706169 7.302592 -0.116954 0.008256 0.780883 0.058018 0.621922
47.500000000 -11.704046 7.347088 -0.128175 0.006697 0.779909 0.056697 0.623283
47.600000000 -11.677802 7.383350 -0.141882 0.005463 0.779279 0.055713 0.624172
47.700000000 -11.627819 7.411567 -0.157240 0.004526 0.778764 0.055061 0.624880
47.800000000 -11.554201 7.431841 -0.174782 0.003874 0.778310 0.054625 0.625488
47.900000000 -11.457213 7.444347 -0.194233 0.003684 0.777945 0.054122 0.625987
48.000000000 -11.338216 7.449456 -0.215728 0.003860 0.778157 0.053958 0.625736
48.100000000 -11.196396 7.446913 -0.237984 0.004295 0.778845 0.054116 0.624863
48.200000000 -11.030813 7.436453 -0.261095 0.004851 0.779542 0.054370 0.623966
48.300000000 -10.840513 7.417578 -0.287284 0.005076 0.779717 0.054706 0.623718
48.400000000 -10.623332 7.389514 -0.316554 0.005193 0.779158 0.054587 0.624425
48.500000000 -10.379571 7.352140 -0.348154 0.004588 0.777636 0.054187 0.626359
48.600000000 -10.374635 7.344838 -0.353711 0.007845 0.772864 0.056977 0.631960
48.700000000 -10.079612 7.288384 -0.387770 0.006255 0.769213 0.055223 0.636571
48.800000000 -9.760439 7.223001 -0.427329 0.004213 0.764562 0.052766 0.642373
48.900000000 -9.420751 7.150054 -0.469941 0.001663 0.759214 0.049931 0.648920
49.000000000 -9.062860 7.070428 -0.511496 -0.000801 0.753618 0.046599 0.655658
49.100000000 -8.690749 6.985907 -0.556596 -0.002935 0.748514 0.043285 0.661699
49.200000000 -8.308744 6.898261 -0.597205 -0.004751 0.744272 0.040544 0.666628
49.300000000 -7.919437 6.808683 -0.637042 -0.005923 0.741700 0.038654 0.669591
49.400000000 -7.524841 6.717932 -0.676216 -0.005973 0.741191 0.037310 0.670230
49.500000000 -7.125938 6.626559 -0.717375 -0.005391 0.742816 0.037220 0.668438
49.600000000 -6.722922 6.534529 -0.757646 -0.003784 0.746582 0.037784 0.664209
49.700000000 -6.311519 6.440496 -0.797202 -0.001899 0.752058 0.039318 0.657921
49.800000000 -5.887331 6.342955 -0.834913 -0.000078 0.757964 0.041172 0.650996
49.900000000 -5.444127 6.240139 -0.874325 0.001036 0.762603 0.042598 0.645462
50.000000000 -4.976979 6.130688 -0.915506 0.001018 0.764968 0.043176 0.642619
50.100000000 -4.484565 6.014516 -0.959467 0.000610 0.764972 0.042154 0.642682
50.200000000 -3.968371 5.892625 -1.003724 -0.000663 0.763669 0.040977 0.644306
50.300000000 -3.431791 5.766009 -1.051231 -0.002089 0.761775 0.039426 0.646637
50.400000000 -2.877315 5.635744 -1.099391 -0.003515 0.760120 0.038010 0.648660
50.500000000 -2.305890 5.502742 -1.147647 -0.004816 0.758667 0.036763 0.650422
50.600000000 -1.717428 5.367127 -1.196185 -0.006167 0.757104 0.035570 0.652296
50.700000000 -1.112048 5.228967 -1.245331 -0.007675 0.755256 0.034514 0.654475
50.800000000 -0.490530 5.089706 -1.291190 -0.009181 0.752993 0.033358 0.657119
50.900000000 0.146158 4.948620 -1.339326 -0.011075 0.750311 0.032616 0.660187
51.000000000 0.796519 4.806854 -1.386649 -0.012797 0.747855 0.031853 0.662974
51.100000000 1.458784 4.664674 -1.434187 -0.014302 0.745687 0.031291 0.665407
51.200000000 2.132631 4.522754 -1.480602 -0.015945 0.743458 0.030825 0.667881
51.300000000 2.817943 4.380782 -1.526146 -0.017623 0.741168 0.030569 0.670392
51.400000000 3.513674 4.239760 -1.568059 -0.019161 0.738679 0.029914 0.673121
51.500000000 4.218539 4.099048 -1.612852 -0.020849 0.735782 0.029592 0.676250
51.600000000 4.932509 3.960360 -1.653552 -0.022907 0.732526 0.029414 0.679717
51.700000000 5.653436 3.822911 -1.696018 -0.025123 0.728451 0.028957 0.684025
51.800000000 6.382073 3.687041 -1.736790 -0.027538 0.723572 0.028479 0.689111
51.900000000 7.113895 3.553500 -1.779169 -0.030010 0.718704 0.028309 0.694091
52.000000000 7.847710 3.423382 -1.816367 -0.032341 0.713674 0.027986 0.699171
52.100000000 8.579242 3.297119 -1.853174 -0.034429 0.709163 0.028059 0.703644
52.200000000 9.306442 3.175153 -1.888847 -0.036211 0.704551 0.027959 0.708177
52.300000000 10.113756 3.037352 -1.696625 -0.034157 0.701645 0.029627 0.711090
52.400000000 10.824674 2.922755 -1.732720 -0.035204 0.699190 0.030317 0.713424
52.500000000 11.525809 2.813287 -1.767673 -0.035718 0.697989 0.031250 0.714534
52.600000000 12.216940 2.708405 -1.802743 -0.036006 0.698253 0.032828 0.714191
52.700000000 12.900761 2.607785 -1.835670 -0.036187 0.698472 0.034416 0.713893
52.800000000 13.577792 2.510451 -1.868069 -0.036458 0.699005 0.036189 0.713269
52.900000000 14.250919 2.415764 -1.899485 -0.037064 0.698223 0.037515 0.713935
53.000000000 14.920138 2.323220 -1.931055 -0.037922 0.696158 0.038148 0.715870
53.100000000 15.584372 2.233471 -1.958878 -0.039178 0.693055 0.038568 0.718785
53.200000000 16.239148 2.146967 -1.988146 -0.040213 0.689620 0.038717 0.722017
53.300000000 16.886597 2.062996 -2.017188 -0.040991 0.686023 0.038258 0.725416
53.400000000 17.520056 1.983092 -2.044819 -0.041506 0.683406 0.038307 0.727850
53.500000000 18.138211 1.907269 -2.074894 -0.041819 0.682414 0.038902 0.728731
53.600000000 18.741281 1.835295 -2.101448 -0.041895 0.682651 0.039994 0.728445
53.700000000 19.330425 1.766799 -2.126589 -0.041935 0.683727 0.041438 0.727353
53.800000000 19.908064 1.700957 -2.156408 -0.041923 0.684630 0.042420 0.726446
53.900000000 20.474955 1.637470 -2.182957 -0.041745 0.685198 0.043143 0.725879
54.000000000 21.030680 1.576472 -2.208196 -0.041487 0.685826 0.043709 0.725266
54.100000000 21.575153 1.517859 -2.233996 -0.041143 0.686825 0.044347 0.724301
54.200000000 22.108577 1.461561 -2.259013 -0.040819 0.688144 0.045128 0.723018
54.300000000 22.631649 1.407285 -2.283288 -0.040544 0.689792 0.045999 0.721406
54.400000000 23.146083 1.354517 -2.307928 -0.040379 0.691303 0.046831 0.719914
54.500000000 23.653669 1.302961 -2.331841 -0.040253 0.692277 0.047214 0.718959
54.600000000 24.154677 1.252876 -2.352748 -0.040598 0.692045 0.047433 0.719149
54.700000000 24.653427 1.202850 -2.375429 -0.041248 0.690513 0.047164 0.720602
54.800000000 25.143455 1.154583 -2.397075 -0.042008 0.688412 0.046672 0.722597
54.900000000 25.623596 1.108221 -2.420842 -0.043017 0.686026 0.046180 0.724834
55.000000000 26.096888 1.063216 -2.442626 -0.043899 0.683217 0.045415 0.727478
55.100000000 26.554801 1.021331 -2.465717 -0.044782 0.680872 0.044877 0.729653
55.200000000 27.004420 0.981183 -2.485507 -0.045789 0.678091 0.044277 0.732212
55.300000000 27.440323 0.943871 -2.504693 -0.046401 0.675572 0.043455 0.734548
55.400000000 28.035912 0.842256 -2.220714 -0.043830 0.670399 0.045568 0.739302
55.500000000 28.440259 0.811534 -2.233813 -0.044088 0.669926 0.045599 0.739713
55.600000000 28.827796 0.784387 -2.248563 -0.043979 0.670255 0.045763 0.739412
55.700000000 29.198681 0.760730 -2.262969 -0.043546 0.671915 0.046428 0.737888
55.800000000 29.553678 0.740427 -2.277756 -0.042890 0.674613 0.047497 0.735393
55.900000000 29.895069 0.722909 -2.292274 -0.042207 0.677857 0.048896 0.732350
56.000000000 30.225406 0.707552 -2.306381 -0.041442 0.680771 0.050111 0.729604
56.100000000 30.546248 0.693917 -2.320084 -0.040783 0.683465 0.051289 0.727036
56.200000000 30.859405 0.681348 -2.334563 -0.040358 0.685246 0.052177 0.725318
56.300000000 31.167352 0.669682 -2.347150 -0.040448 0.685775 0.052917 0.724760
56.400000000 31.472387 0.658333 -2.361232 -0.040787 0.684666 0.052978 0.725784
56.500000000 31.767731 0.648061 -2.371885 -0.041264 0.683165 0.052822 0.727181
56.600000000 32.056718 0.638465 -2.383897 -0.041954 0.681085 0.052422 0.729120
56.700000000 32.333477 0.630557 -2.392683 -0.042355 0.679661 0.051889 0.730462
56.800000000 32.599045 0.624325 -2.404550 -0.042623 0.678731 0.051346 0.731349
56.900000000 32.852630 0.620000 -2.417116 -0.042911 0.678344 0.051057 0.731711
57.000000000 33.094798 0.617573 -2.427594 -0.043184 0.678151 0.050830 0.731890
57.100000000 33.325744 0.617103 -2.438279 -0.043411 0.678287 0.050733 0.731757
57.200000000 33.545051 0.618784 -2.449232 -0.043465 0.678551 0.050571 0.731520
57.300000000 33.752177 0.622740 -2.456287 -0.043350 0.679511 0.050646 0.730630
57.400000000 33.947666 0.629038 -2.467444 -0.043110 0.680975 0.050920 0.729261
57.500000000 34.132340 0.637476 -2.479100 -0.042714 0.682956 0.051400 0.727396
57.600000000 34.307108 0.647993 -2.490455 -0.042247 0.685153 0.052027 0.725310
57.700000000 34.473101 0.660363 -2.500529 -0.041667 0.687526 0.052767 0.723041
57.800000000 34.631486 0.674329 -2.511117 -0.041048 0.689974 0.053632 0.720677
57.900000000 34.782360 0.689714 -2.521674 -0.040371 0.692593 0.054548 0.718129
58.000000000 34.928036 0.706141 -2.532006 -0.039702 0.695111 0.055478 0.715658
58.100000000 35.069020 0.723294 -2.541250 -0.039044 0.697555 0.056316 0.713247
58.200000000 35.207572 0.740818 -2.552183 -0.038568 0.699624 0.057174 0.711175
58.300000000 35.343485 0.758515 -2.559852 -0.038091 0.701316 0.057706 0.709490
58.400000000 35.477597 0.776465 -2.570927 -0.037659 0.702769 0.058211 0.708031
58.500000000 35.610073 0.794524 -2.579855 -0.037259 0.704126 0.058671 0.706665
58.600000000 35.741613 0.812457 -2.591330 -0.037040 0.705357 0.059108 0.705412
58.700000000 35.872552 0.830262 -2.601618 -0.036787 0.706330 0.059450 0.704422
58.800000000 36.002209 0.847295 -2.612003 -0.036699 0.707368 0.059608 0.703371
58.900000000 36.132919 0.864107 -2.621509 -0.036639 0.708011 0.059616 0.702726
59.000000000 36.264076 0.880607 -2.632535 -0.036711 0.708523 0.059617 0.702206
59.100000000 36.394397 0.897116 -2.643159 -0.036735 0.709026 0.059509 0.701706
59.200000000 36.526834 0.913267 -2.653120 -0.036900 0.709049 0.059414 0.701682
59.300000000 36.660287 0.929340 -2.663721 -0.036995 0.708721 0.059246 0.702023
59.400000000 36.794670 0.945652 -2.675501 -0.037132 0.708135 0.059133 0.702616
59.500000000 36.929335 0.962002 -2.688203 -0.037182 0.707353 0.059122 0.703402
59.600000000 37.063901 0.978463 -2.698150 -0.037225 0.706377 0.059143 0.704378
59.700000000 37.198353 0.995019 -2.710724 -0.037213 0.705358 0.059138 0.705399
59.800000000 37.330698 1.011391 -2.720885 -0.037254 0.704589 0.059232 0.706157
59.900000000 37.461276 1.027669 -2.733227 -0.037245 0.704144 0.059288 0.706597
60.000000000 37.589450 1.043718 -2.744879 -0.037235 0.704072 0.059266 0.706671
60.100000000 37.715175 1.059602 -2.756538 -0.037129 0.704375 0.059201 0.706380
60.200000000 37.838618 1.075427 -2.768907 -0.036972 0.705063 0.059189 0.705703
60.300000000 37.960278 1.091153 -2.781154 -0.036741 0.706013 0.059164 0.704766
60.400000000 38.080802 1.106606 -2.791115 -0.036533 0.707065 0.059207 0.703718
60.500000000 38.200911 1.121985 -2.803415 -0.036206 0.708055 0.059199 0.702739
60.600000000 38.321368 1.137371 -2.816106 -0.035897 0.708896 0.059243 0.701903
60.700000000 38.442104 1.152633 -2.828978 -0.035590 0.709676 0.059390 0.701118
60.800000000 38.563613 1.167571 -2.841399 -0.035358 0.710308 0.059598 0.700472
60.900000000 38.685865 1.181968 -2.853334 -0.035235 0.710909 0.059801 0.699850
61.000000000 38.808676 1.195670 -2.865572 -0.035206 0.711637 0.059858 0.699106
61.100000000 38.932622 1.208432 -2.878680 -0.035128 0.712412 0.059613 0.698342
61.200000000 39.058275 1.220691 -2.891374 -0.035308 0.713043 0.059283 0.697717
61.300000000 39.186316 1.232484 -2.904432 -0.035577 0.713387 0.058912 0.697382
61.400000000 39.316612 1.244126 -2.917038 -0.035789 0.713462 0.058438 0.697335
61.500000000 39.449454 1.255769 -2.929943 -0.036107 0.713237 0.058090 0.697578
61.600000000 39.584625 1.267555 -2.942476 -0.036367 0.712732 0.057787 0.698105
61.700000000 39.721816 1.279646 -2.956424 -0.036593 0.712036 0.057536 0.698824
61.800000000 39.860519 1.292053 -2.971091 -0.036798 0.711224 0.057376 0.699653
61.900000000 40.000368 1.304739 -2.983332 -0.037070 0.710278 0.057295 0.700606
62.000000000 40.140747 1.317849 -2.997661 -0.037201 0.709460 0.057209 0.701434
62.100000000 40.281299 1.331243 -3.008445 -0.037291 0.708659 0.057116 0.702246
62.200000000 40.421538 1.345050 -3.024337 -0.037266 0.708116 0.057065 0.702799
62.300000000 40.561094 1.359320 -3.038330 -0.037208 0.707836 0.057069 0.703084
62.400000000 40.700025 1.373911 -3.050304 -0.037137 0.707676 0.057162 0.703241
62.500000000 40.838998 1.388751 -3.064757 -0.037060 0.707525 0.057206 0.703394
62.600000000 40.977267 1.403785 -3.078784 -0.036974 0.707562 0.057289 0.703355
62.700000000 41.114441 1.419072 -3.090587 -0.036832 0.707862 0.057437 0.703047
62.800000000 41.251720 1.434450 -3.104343 -0.036723 0.708158 0.057545 0.702747
62.900000000 41.388340 1.449957 -3.118032 -0.036597 0.708633 0.057657 0.702265
63.000000000 41.525244 1.465425 -3.131728 -0.036431 0.709148 0.057688 0.701751
63.100000000 41.661891 1.480978 -3.143860 -0.036259 0.709810 0.057741 0.701086
63.200000000 41.799388 1.496564 -3.157722 -0.036170 0.710444 0.057869 0.700437
63.300000000 41.937745 1.512056 -3.171122 -0.036072 0.711013 0.057928 0.699860
63.400000000 42.076736 1.527583 -3.184905 -0.035892 0.711607 0.057963 0.699262
63.500000000 42.217633 1.543010 -3.197925 -0.035818 0.711950 0.057977 0.698915
63.600000000 42.360107 1.558375 -3.211784 -0.035792 0.712243 0.058050 0.698612
63.700000000 42.503306 1.573647 -3.224368 -0.035827 0.712395 0.058108 0.698451
63.800000000 42.649313 1.588720 -3.238642 -0.035878 0.712306 0.058129 0.698537
63.900000000 42.797048 1.603760 -3.252160 -0.036008 0.712067 0.058125 0.698774
64.000000000 42.945997 1.618758 -3.264941 -0.036113 0.711782 0.058075 0.699063
64.100000000 43.096350 1.633690 -3.277190 -0.036291 0.711413 0.058025 0.699434
64.200000000 43.247935 1.648595 -3.289698 -0.036461 0.710992 0.057947 0.699859
64.300000000 43.400423 1.663578 -3.303528 -0.036668 0.710581 0.057889 0.700270
64.400000000 43.553528 1.678604 -3.315312 -0.036847 0.710186 0.057812 0.700668
64.500000000 43.707115 1.693766 -3.328104 -0.036974 0.709875 0.057737 0.700982
64.600000000 43.860841 1.709202 -3.341627 -0.037079 0.709722 0.057709 0.701134
64.700000000 44.014620 1.724895 -3.354440 -0.037179 0.709697 0.057763 0.701150
64.800000000 44.168574 1.740808 -3.367114 -0.037160 0.709797 0.057796 0.701047
64.900000000 44.322442 1.756972 -3.377452 -0.037140 0.710062 0.057930 0.700769
65.000000000 44.476447 1.773392 -3.390421 -0.036993 0.710496 0.058115 0.700321
65.100000000 44.630923 1.790133 -3.402696 -0.036826 0.711085 0.058356 0.699712
65.200000000 44.786002 1.806998 -3.414333 -0.036608 0.711782 0.058686 0.698987
65.300000000 44.942156 1.823876 -3.426307 -0.036376 0.712538 0.058986 0.698203
65.400000000 45.099587 1.840694 -3.437580 -0.036109 0.713298 0.059309 0.697413
65.500000000 45.258804 1.857338 -3.449090 -0.035843 0.714049 0.059632 0.696630
65.600000000 45.420183 1.873695 -3.461352 -0.035602 0.714756 0.059964 0.695889
65.700000000 45.584089 1.889660 -3.473685 -0.035383 0.715359 0.060256 0.695254
65.800000000 45.750619 1.905129 -3.485873 -0.035249 0.715854 0.060571 0.694724
65.900000000 45.920288 1.920012 -3.497308 -0.035145 0.716160 0.060786 0.694395
66.000000000 46.093226 1.934274 -3.510449 -0.035070 0.716344 0.060912 0.694198
66.100000000 46.268583 1.947997 -3.523452 -0.034955 0.716594 0.061065 0.693933
66.200000000 46.446813 1.961127 -3.535687 -0.034744 0.716919 0.061175 0.693598
66.300000000 46.627438 1.973700 -3.547202 -0.034452 0.717473 0.061360 0.693023
66.400000000 46.810360 1.985889 -3.560278 -0.034096 0.718435 0.061702 0.692013
66.500000000 46.996234 1.997350 -3.573363 -0.033642 0.719595 0.062129 0.690790
66.600000000 47.186644 2.007746 -3.586187 -0.033203 0.720658 0.062496 0.689670
66.700000000 47.381042 2.017032 -3.599932 -0.032800 0.721789 0.062854 0.688472
66.800000000 47.581875 2.024787 -3.613869 -0.032640 0.722396 0.063114 0.687819
66.900000000 47.699458 2.023396 -3.517443 -0.031545 0.721351 0.063932 0.688891
67.000000000 47.911446 2.028417 -3.531150 -0.031430 0.721485 0.063851 0.688763
67.100000000 48.129049 2.032091 -3.545509 -0.031391 0.721528 0.063777 0.688727
67.200000000 48.350878 2.034435 -3.560128 -0.031471 0.721536 0.063712 0.688720
67.300000000 48.580683 2.034963 -3.574523 -0.031859 0.720859 0.063484 0.689433
67.400000000 48.816593 2.034095 -3.589609 -0.032357 0.719742 0.063041 0.690616
67.500000000 49.058298 2.031638 -3.602249 -0.032779 0.718231 0.062155 0.692247
67.600000000 49.303432 2.028700 -3.617678 -0.033287 0.716771 0.061477 0.693796
67.700000000 49.551908 2.025166 -3.633319 -0.033769 0.715288 0.060817 0.695359
67.800000000 49.803102 2.021246 -3.649093 -0.034217 0.713837 0.060194 0.696880
67.900000000 50.056346 2.017092 -3.664682 -0.034599 0.712573 0.059661 0.698200
68.000000000 50.310933 2.012790 -3.677879 -0.034982 0.711476 0.059285 0.699331
68.100000000 50.566639 2.008552 -3.693610 -0.035374 0.710383 0.058964 0.700448
68.200000000 50.823682 2.004208 -3.709695 -0.035797 0.709184 0.058668 0.701666
68.300000000 51.081645 1.999836 -3.724512 -0.036318 0.707763 0.058282 0.703104
68.400000000 51.340161 1.995508 -3.741523 -0.036901 0.706164 0.057830 0.704718
68.500000000 51.598437 1.991405 -3.756493 -0.037543 0.704420 0.057323 0.706468
68.600000000 51.855733 1.987723 -3.773235 -0.038083 0.702710 0.056723 0.708188
68.700000000 52.109966 1.984914 -3.785526 -0.038468 0.701306 0.056175 0.709602
68.800000000 52.361105 1.983248 -3.802353 -0.038840 0.700294 0.055881 0.710603
68.900000000 52.608500 1.982612 -3.817837 -0.039090 0.699636 0.055824 0.711242
69.000000000 52.852511 1.983064 -3.833425 -0.039178 0.699420 0.055889 0.711445
69.100000000 53.091782 1.984740 -3.848593 -0.039121 0.699631 0.056117 0.711222
69.200000000 53.327656 1.987509 -3.864016 -0.038926 0.700286 0.056443 0.710562
69.300000000 53.559597 1.991281 -3.879901 -0.038598 0.701411 0.056955 0.709429
69.400000000 53.788398 1.995864 -3.895391 -0.038170 0.702852 0.057584 0.707974
69.500000000 54.015038 2.001035 -3.910630 -0.037721 0.704448 0.058299 0.706350
69.600000000 54.240457 2.006567 -3.925445 -0.037253 0.706020 0.059024 0.704744
69.700000000 54.464583 2.012370 -3.940812 -0.036650 0.707740 0.059710 0.702990
69.800000000 54.688890 2.018213 -3.956263 -0.036074 0.709439 0.060472 0.701240
69.900000000 54.913817 2.023855 -3.970945 -0.035524 0.711111 0.061308 0.699500
70.000000000 55.140536 2.028964 -3.987561 -0.035039 0.712735 0.062179 0.697793
70.100000000 55.371183 2.033077 -4.003272 -0.034750 0.713631 0.062787 0.696836
70.200000000 55.605032 2.035932 -4.018803 -0.034710 0.714074 0.063241 0.696343
70.300000000 55.842584 2.037575 -4.035127 -0.034779 0.714051 0.063363 0.696353
70.400000000 56.084009 2.037801 -4.051514 -0.034942 0.713493 0.063006 0.696948
70.500000000 56.328070 2.036972 -4.067327 -0.035127 0.712576 0.062362 0.697934
70.600000000 56.573780 2.034944 -4.083863 -0.035727 0.711387 0.061700 0.699175
70.700000000 56.823527 2.032113 -4.098404 -0.036472 0.709519 0.060915 0.701101
70.800000000 57.074924 2.028994 -4.116762 -0.037347 0.707344 0.060089 0.703320
70.900000000 57.326799 2.025611 -4.131650 -0.038232 0.705033 0.059191 0.705665
71.000000000 57.576708 2.022600 -4.148824 -0.038725 0.702956 0.058141 0.707795
71.100000000 57.824414 2.020042 -4.162918 -0.039525 0.701084 0.057265 0.709676
71.200000000 58.069346 2.018433 -4.180169 -0.040055 0.699472 0.056665 0.711283
71.300000000 58.309928 2.018021 -4.193964 -0.040644 0.698164 0.056263 0.712566
71.400000000 58.546886 2.018694 -4.211219 -0.041029 0.697224 0.055999 0.713484
71.500000000 58.779162 2.020659 -4.227358 -0.041394 0.696575 0.055881 0.714106
71.600000000 59.006507 2.023944 -4.241819 -0.041695 0.696228 0.055942 0.714422
71.700000000 59.229681 2.028405 -4.257934 -0.041885 0.696072 0.055949 0.714562
71.800000000 59.447685 2.034248 -4.273846 -0.041913 0.696314 0.056078 0.714315
71.900000000 59.660489 2.041549 -4.289044 -0.041803 0.697011 0.056379 0.713617
72.000000000 59.868259 2.050140 -4.303920 -0.041478 0.698278 0.056876 0.712357
72.100000000 60.071742 2.060066 -4.319310 -0.041059 0.699907 0.057522 0.710729
72.200000000 60.272155 2.070966 -4.334408 -0.040655 0.701643 0.058332 0.708972
72.300000000 60.470505 2.082570 -4.348205 -0.040438 0.703189 0.059271 0.707373
72.400000000 60.668282 2.094312 -4.363041 -0.040206 0.704409 0.060126 0.706099
72.500000000 60.866363 2.106381 -4.377371 -0.040165 0.705132 0.060778 0.705324
72.600000000 61.064026 2.118546 -4.392145 -0.040165 0.705638 0.061327 0.704770
72.700000000 61.261167 2.130675 -4.405357 -0.040216 0.705988 0.061812 0.704374
72.800000000 61.458319 2.142676 -4.419574 -0.040277 0.706214 0.062158 0.704114
72.900000000 61.655412 2.154545 -4.433606 -0.040420 0.706299 0.062369 0.704001
73.000000000 61.852627 2.166270 -4.448674 -0.040647 0.706263 0.062475 0.704015
73.100000000 62.049177 2.177910 -4.463076 -0.040737 0.706220 0.062486 0.704052
73.200000000 62.245520 2.189526 -4.476440 -0.041077 0.706096 0.062537 0.704152
73.300000000 62.441813 2.201129 -4.491551 -0.041309 0.705909 0.062577 0.704322
73.400000000 62.636277 2.213111 -4.504870 -0.041527 0.706049 0.062702 0.704158
73.500000000 62.831246 2.225195 -4.519731 -0.041719 0.706090 0.062873 0.704090
73.600000000 63.025600 2.237500 -4.532578 -0.042015 0.706131 0.063198 0.704003
73.700000000 63.219451 2.249817 -4.547716 -0.042097 0.706340 0.063532 0.703758
73.800000000 63.413023 2.262485 -4.562569 -0.042329 0.706508 0.063922 0.703540
73.900000000 63.606666 2.275223 -4.574864 -0.042540 0.706544 0.064261 0.703460
74.000000000 63.799969 2.287925 -4.590721 -0.042742 0.706761 0.064556 0.703203
74.100000000 63.993633 2.300556 -4.604528 -0.043001 0.706688 0.064849 0.703234
74.200000000 64.187558 2.313094 -4.619631 -0.043268 0.706642 0.065070 0.703244
74.300000000 64.380906 2.325759 -4.632576 -0.043460 0.706621 0.065253 0.703236
74.400000000 64.574586 2.338286 -4.647128 -0.043716 0.706558 0.065421 0.703267
74.500000000 64.767504 2.350958 -4.661871 -0.043967 0.706672 0.065639 0.703117
74.600000000 64.959129 2.363552 -4.676629 -0.044139 0.706903 0.065829 0.702856
74.700000000 65.152164 2.376263 -4.690953 -0.044355 0.707014 0.066066 0.702709
74.800000000 65.344855 2.389189 -4.703552 -0.044473 0.707168 0.066268 0.702527
74.900000000 65.537859 2.402041 -4.718726 -0.044703 0.707324 0.066541 0.702330
75.000000000 65.731435 2.414844 -4.733761 -0.044964 0.707341 0.066799 0.702271
75.100000000 65.925237 2.427657 -4.747400 -0.045269 0.707163 0.067055 0.702406
75.200000000 66.119601 2.440403 -4.761102 -0.045598 0.706805 0.067216 0.702730
75.300000000 66.314407 2.453060 -4.775570 -0.045911 0.706321 0.067298 0.703188
75.400000000 66.508937 2.465976 -4.791180 -0.046365 0.705834 0.067414 0.703636
75.500000000 66.703070 2.478792 -4.806061 -0.046722 0.705376 0.067508 0.704063
75.600000000 66.896352 2.491804 -4.820416 -0.046973 0.705043 0.067521 0.704379
75.700000000 67.088326 2.505079 -4.831789 -0.047239 0.704816 0.067567 0.704583
75.800000000 67.279804 2.518476 -4.846614 -0.047492 0.704698 0.067679 0.704674
75.900000000 67.470329 2.532153 -4.861065 -0.047753 0.704571 0.067795 0.704772
76.000000000 67.660029 2.546069 -4.875268 -0.047991 0.704468 0.067900 0.704849
76.100000000 67.848677 2.560320 -4.887120 -0.048260 0.704351 0.068086 0.704929
76.200000000 68.036702 2.574848 -4.901787 -0.048466 0.704298 0.068253 0.704952
76.300000000 68.223153 2.589806 -4.915017 -0.048624 0.704375 0.068484 0.704842
76.400000000 68.408710 2.605085 -4.929085 -0.048755 0.704534 0.068768 0.704645
76.500000000 68.593458 2.620663 -4.943459 -0.048820 0.704769 0.069030 0.704380
76.600000000 68.777079 2.636506 -4.955845 -0.048929 0.705015 0.069358 0.704094
76.700000000 68.960410 2.652524 -4.970256 -0.048977 0.705284 0.069659 0.703792
76.800000000 69.143068 2.668659 -4.984442 -0.049035 0.705599 0.069962 0.703442
76.900000000 69.325142 2.684850 -4.996713 -0.049189 0.705861 0.070335 0.703132
77.000000000 69.507369 2.701012 -5.010520 -0.049269 0.706052 0.070588 0.702908
77.100000000 69.689730 2.717183 -5.024702 -0.049455 0.706111 0.070749 0.702820
77.200000000 69.871908 2.733253 -5.036780 -0.049658 0.706049 0.070832 0.702860
77.300000000 70.054300 2.749311 -5.051341 -0.049776 0.705993 0.070804 0.702911
77.400000000 70.235589 2.765614 -5.063635 -0.049838 0.706109 0.070791 0.702791
77.500000000 70.416826 2.782079 -5.077905 -0.049997 0.706293 0.070884 0.702585
77.600000000 70.597853 2.798642 -5.092952 -0.050134 0.706485 0.071073 0.702363
77.700000000 70.780098 2.815294 -5.106115 -0.050287 0.706382 0.071155 0.702448
77.800000000 70.961728 2.832165 -5.120079 -0.050427 0.706422 0.071328 0.702380
77.900000000 71.143384 2.849244 -5.134235 -0.050546 0.706464 0.071564 0.702305
78.000000000 71.323834 2.866417 -5.149157 -0.050597 0.706894 0.071866 0.701838
78.100000000 71.505598 2.883795 -5.163537 -0.050623 0.707040 0.072115 0.701663
78.200000000 71.687092 2.901226 -5.178105 -0.050621 0.707366 0.072376 0.701308
78.300000000 71.869120 2.918635 -5.191114 -0.050701 0.707622 0.072690 0.701011
78.400000000 72.052288 2.935771 -5.207728 -0.050841 0.707652 0.072933 0.700945
78.500000000 72.236995 2.952705 -5.221906 -0.051148 0.707327 0.073013 0.701242
78.600000000 72.422883 2.969518 -5.237088 -0.051373 0.706654 0.072826 0.701924
78.700000000 72.608767 2.986214 -5.251316 -0.051707 0.705986 0.072618 0.702593
78.800000000 72.795528 3.003020 -5.265041 -0.052050 0.705014 0.072354 0.703570
78.900000000 73.082753 2.976964 -5.191445 -0.048721 0.700604 0.075724 0.707847
79.000000000 73.267921 2.994405 -5.204642 -0.048979 0.699912 0.075471 0.708539
79.100000000 73.451372 3.012275 -5.216315 -0.049233 0.699379 0.075349 0.709061
79.200000000 73.633493 3.030600 -5.229426 -0.049463 0.698966 0.075303 0.709457
79.300000000 73.814127 3.049415 -5.242133 -0.049700 0.698547 0.075326 0.709851
79.400000000 73.993387 3.068685 -5.253722 -0.049903 0.698180 0.075363 0.710193
79.500000000 74.170600 3.088551 -5.266990 -0.050005 0.698037 0.075425 0.710321
79.600000000 74.345350 3.108999 -5.277157 -0.050087 0.698084 0.075626 0.710247
79.700000000 74.518486 3.129972 -5.290457 -0.050097 0.698285 0.075855 0.710024
79.800000000 74.689325 3.151377 -5.301225 -0.050128 0.698640 0.076196 0.709637
79.900000000 74.858694 3.173126 -5.313789 -0.050013 0.699125 0.076516 0.709132
80.000000000 75.026756 3.195375 -5.327641 -0.050013 0.699664 0.076885 0.708560
80.100000000 75.193912 3.217766 -5.340550 -0.049979 0.700181 0.077203 0.708017
80.200000000 75.359952 3.240369 -5.353016 -0.049858 0.700793 0.077465 0.707391
80.300000000 75.524686 3.263201 -5.364508 -0.049599 0.701622 0.077689 0.706563
80.400000000 75.688833 3.286263 -5.377308 -0.049287 0.702705 0.077947 0.705479
80.500000000 75.852532 3.309417 -5.390164 -0.049083 0.703966 0.078416 0.704183
80.600000000 76.016933 3.332488 -5.402919 -0.048901 0.705113 0.078892 0.702994
80.700000000 76.182720 3.355365 -5.415831 -0.048794 0.706099 0.079314 0.701964
80.800000000 76.350191 3.377951 -5.428162 -0.048673 0.706887 0.079593 0.701147
80.900000000 76.519934 3.400248 -5.441930 -0.048578 0.707494 0.079755 0.700523
81.000000000 76.691782 3.422214 -5.455117 -0.048525 0.707874 0.079870 0.700129
81.100000000 76.866493 3.443848 -5.468928 -0.048562 0.708010 0.079932 0.699982
81.200000000 77.043358 3.465185 -5.482026 -0.048619 0.707983 0.079972 0.700000
81.300000000 77.222787 3.486302 -5.496950 -0.048758 0.707767 0.080037 0.700202
81.400000000 77.404838 3.507112 -5.510797 -0.048944 0.707379 0.080020 0.700583
81.500000000 77.588492 3.527670 -5.524313 -0.049098 0.706943 0.079953 0.701019
81.600000000 77.774115 3.548056 -5.538157 -0.049115 0.706497 0.079837 0.701481
81.700000000 77.959315 3.568395 -5.554636 -0.049181 0.706318 0.079781 0.701663
81.800000000 78.147556 3.588569 -5.569499 -0.049261 0.705857 0.079708 0.702130
81.900000000 78.337379 3.608564 -5.584071 -0.049377 0.705345 0.079690 0.702638
82.000000000 78.528402 3.628292 -5.596872 -0.049598 0.704714 0.079737 0.703250
82.100000000 78.720957 3.647994 -5.612594 -0.049875 0.703850 0.079731 0.704096
82.200000000 78.915133 3.667342 -5.626685 -0.050200 0.702565 0.079588 0.705371
82.300000000 79.110377 3.686352 -5.640808 -0.050643 0.700784 0.079188 0.707154
82.400000000 79.306415 3.705188 -5.655875 -0.051057 0.698669 0.078556 0.709284
82.500000000 79.500665 3.723956 -5.665940 -0.051387 0.696598 0.077891 0.711368
82.600000000 79.692520 3.743457 -5.681048 -0.051739 0.694725 0.077396 0.713225
82.700000000 79.881217 3.763335 -5.695660 -0.051942 0.693205 0.077074 0.714722
82.800000000 80.065589 3.783823 -5.709509 -0.052010 0.692143 0.076788 0.715777
82.900000000 80.244753 3.804851 -5.721156 -0.052117 0.691510 0.076773 0.716383
83.000000000 80.419658 3.826444 -5.734560 -0.052008 0.691332 0.076787 0.716561
83.100000000 80.648918 3.832440 -5.664639 -0.052124 0.689543 0.078029 0.718140
83.200000000 80.814383 3.855264 -5.676659 -0.051873 0.690059 0.078154 0.717649
83.300000000 80.975677 3.878386 -5.687801 -0.051626 0.690782 0.078349 0.716949
83.400000000 81.133274 3.901785 -5.699201 -0.051367 0.691678 0.078539 0.716083
83.500000000 81.287662 3.925336 -5.709923 -0.051171 0.692646 0.078798 0.715132
83.600000000 81.439303 3.949004 -5.720916 -0.050964 0.693645 0.079018 0.714154
83.700000000 81.588604 3.972684 -5.731534 -0.050764 0.694680 0.079174 0.713143
83.800000000 81.736018 3.996353 -5.741953 -0.050574 0.695699 0.079273 0.712152
83.900000000 81.881873 4.020031 -5.750822 -0.050275 0.696668 0.079199 0.711234
84.000000000 82.026865 4.043817 -5.761019 -0.050166 0.697516 0.079220 0.710408
84.100000000 82.171043 4.067389 -5.769059 -0.050077 0.698215 0.079220 0.709727
84.200000000 82.314942 4.091156 -5.778560 -0.049990 0.698793 0.079191 0.709167
84.300000000 82.458632 4.115032 -5.788173 -0.049929 0.699279 0.079149 0.708697
84.400000000 82.601822 4.138916 -5.797654 -0.049796 0.699743 0.079047 0.708259
84.500000000 82.745173 4.162996 -5.806950 -0.049731 0.700129 0.078944 0.707894
84.600000000 82.888852 4.187196 -5.815437 -0.049730 0.700388 0.078901 0.707642
84.700000000 83.032848 4.211545 -5.824604 -0.049643 0.700576 0.078841 0.707469
84.800000000 83.177184 4.236151 -5.833207 -0.049549 0.700685 0.078779 0.707374
84.900000000 83.320087 4.260971 -5.841808 -0.049438 0.700929 0.078761 0.707142
85.000000000 83.465129 4.285961 -5.849734 -0.049362 0.700900 0.078754 0.707178
85.100000000 83.610468 4.311165 -5.858240 -0.049263 0.700856 0.078786 0.707225
85.200000000 83.756088 4.336447 -5.866123 -0.049123 0.700826 0.078787 0.707265
85.300000000 83.901841 4.361832 -5.874499 -0.048961 0.700762 0.078756 0.707342
85.400000000 84.047771 4.387340 -5.881897 -0.048861 0.700658 0.078762 0.707451
85.500000000 84.193807 4.412918 -5.889911 -0.048766 0.700558 0.078798 0.707553
85.600000000 84.339958 4.438427 -5.897693 -0.048631 0.700444 0.078818 0.707673
85.700000000 84.486096 4.463970 -5.905154 -0.048584 0.700343 0.078851 0.707773
85.800000000 84.632205 4.489354 -5.913192 -0.048494 0.700296 0.078852 0.707825
85.900000000 84.778085 4.514638 -5.920994 -0.048426 0.700279 0.078771 0.707856
86.000000000 84.924008 4.539835 -5.929002 -0.048402 0.700333 0.078685 0.707813
86.100000000 85.069542 4.564823 -5.934535 -0.048364 0.700426 0.078553 0.707738
86.200000000 85.215207 4.589889 -5.942261 -0.048331 0.700589 0.078422 0.707594
86.300000000 85.360850 4.614958 -5.949771 -0.048272 0.700793 0.078282 0.707412
86.400000000 85.506556 4.640106 -5.957224 -0.048240 0.701005 0.078198 0.707213
86.500000000 85.652269 4.665246 -5.962531 -0.048163 0.701211 0.078075 0.707027
86.600000000 85.798536 4.690617 -5.969922 -0.048114 0.701385 0.078039 0.706862
86.700000000 85.945140 4.716125 -5.977453 -0.048056 0.701506 0.078025 0.706748
86.800000000 86.092376 4.741636 -5.985090 -0.047910 0.701627 0.078010 0.706639
86.900000000 86.240168 4.767324 -5.992275 -0.047808 0.701629 0.078018 0.706643
87.000000000 86.388607 4.793124 -5.999825 -0.047733 0.701521 0.078084 0.706748
87.100000000 86.537620 4.818903 -6.007434 -0.047651 0.701347 0.078184 0.706915
87.200000000 86.687110 4.844630 -6.015033 -0.047570 0.701135 0.078254 0.707124
87.300000000 86.836892 4.870244 -6.022274 -0.047558 0.700872 0.078316 0.707378
87.400000000 86.986925 4.895684 -6.030244 -0.047557 0.700598 0.078326 0.707648
87.500000000 87.137064 4.920884 -6.037870 -0.047499 0.700339 0.078239 0.707918
87.600000000 87.287150 4.946082 -6.045713 -0.047523 0.700060 0.078169 0.708200
87.700000000 87.436186 4.971223 -6.053377 -0.047502 0.700071 0.078168 0.708191
87.800000000 87.585585 4.996253 -6.062018 -0.047515 0.700003 0.078181 0.708256
87.900000000 87.735235 5.021087 -6.069749 -0.047547 0.699846 0.078166 0.708410
88.000000000 87.883887 5.045775 -6.075679 -0.047466 0.699949 0.078061 0.708325
88.100000000 88.032677 5.070523 -6.083630 -0.047491 0.700039 0.078041 0.708237
88.200000000 88.181476 5.095031 -6.091564 -0.047528 0.700134 0.078032 0.708141
88.300000000 88.329939 5.119423 -6.099487 -0.047624 0.700327 0.078019 0.707945
88.400000000 88.478032 5.143643 -6.105996 -0.047664 0.700650 0.077918 0.707635
88.500000000 88.626358 5.167688 -6.114355 -0.047620 0.701012 0.077692 0.707304
88.600000000 88.774814 5.191839 -6.122924 -0.047719 0.701369 0.077546 0.706959
88.700000000 88.923004 5.216017 -6.129547 -0.047850 0.701671 0.077485 0.706657
88.800000000 89.070063 5.240430 -6.138260 -0.047893 0.702180 0.077429 0.706155
88.900000000 89.220421 5.265151 -6.146980 -0.047944 0.702270 0.077368 0.706069
89.000000000 89.371634 5.290078 -6.156099 -0.047952 0.702213 0.077286 0.706133
89.100000000 89.523431 5.315411 -6.164286 -0.047962 0.702006 0.077223 0.706346
89.200000000 89.676305 5.341104 -6.173446 -0.048005 0.701698 0.077265 0.706644
89.300000000 89.829665 5.366909 -6.182900 -0.047969 0.701336 0.077304 0.707002
89.400000000 89.983365 5.392943 -6.192172 -0.047968 0.700931 0.077347 0.707398
89.500000000 90.137274 5.419123 -6.201821 -0.048041 0.700495 0.077409 0.707818
89.600000000 90.291183 5.445352 -6.211453 -0.048152 0.700066 0.077444 0.708231
89.700000000 90.444614 5.471672 -6.220960 -0.048208 0.699780 0.077408 0.708514
89.800000000 90.597222 5.498085 -6.228746 -0.048232 0.699664 0.077377 0.708630
89.900000000 90.749321 5.524720 -6.238443 -0.048244 0.699700 0.077394 0.708592
90.000000000 90.900708 5.551568 -6.246537 -0.048200 0.699850 0.077415 0.708445
90.100000000 91.052047 5.578728 -6.256358 -0.048134 0.699989 0.077460 0.708306
90.200000000 91.203473 5.606059 -6.263877 -0.048060 0.699898 0.077529 0.708394
90.300000000 91.355606 5.633593 -6.273842 -0.048022 0.699507 0.077645 0.708770
90.400000000 91.507748 5.661307 -6.284399 -0.047915 0.698856 0.077771 0.709406
90.500000000 91.660154 5.689073 -6.292923 -0.047902 0.697844 0.077982 0.710379
90.600000000 91.812465 5.716833 -6.302018 -0.047927 0.696533 0.078189 0.711640
90.700000000 91.963511 5.744387 -6.312843 -0.047938 0.695158 0.078323 0.712967
90.800000000 92.112586 5.771551 -6.321569 -0.048014 0.693918 0.078380 0.714163
90.900000000 92.258821 5.798415 -6.332362 -0.048117 0.693115 0.078356 0.714938
91.000000000 92.400523 5.824772 -6.342289 -0.048149 0.693086 0.078268 0.714974
91.100000000 92.538151 5.850826 -6.352590 -0.048183 0.693694 0.078193 0.714390
91.200000000 92.671928 5.876582 -6.362664 -0.048122 0.694973 0.078016 0.713169
91.300000000 92.802865 5.902133 -6.370042 -0.048026 0.696619 0.077850 0.711587
91.400000000 92.932413 5.927761 -6.379525 -0.048017 0.698314 0.077833 0.709925
91.500000000 93.061403 5.953501 -6.389588 -0.047919 0.699865 0.077857 0.708400
91.600000000 93.190665 5.979444 -6.399640 -0.047711 0.701182 0.077872 0.707109
91.700000000 93.320620 6.005620 -6.409684 -0.047524 0.702294 0.078046 0.705998
91.800000000 93.451853 6.031843 -6.419073 -0.047404 0.703071 0.078319 0.705203
91.900000000 93.585274 6.058024 -6.429595 -0.047284 0.703385 0.078480 0.704879
92.000000000 93.721352 6.083952 -6.439337 -0.047250 0.703115 0.078477 0.705151
92.100000000 93.859678 6.109651 -6.448719 -0.047157 0.702455 0.078229 0.705842
92.200000000 93.996581 6.135587 -6.460802 -0.047041 0.702334 0.078161 0.705978
92.300000000 94.134406 6.161261 -6.471544 -0.046966 0.702289 0.078140 0.706030
92.400000000 94.273131 6.186597 -6.480593 -0.046995 0.702250 0.078128 0.706068
92.500000000 94.412877 6.211824 -6.491931 -0.047075 0.702122 0.078064 0.706197
92.600000000 94.553281 6.236823 -6.503150 -0.047189 0.702004 0.077956 0.706319
92.700000000 94.694230 6.261739 -6.514292 -0.047193 0.701920 0.077713 0.706429
92.800000000 94.835552 6.286517 -6.523396 -0.047254 0.701913 0.077526 0.706452
92.900000000 94.977588 6.311564 -6.535573 -0.047314 0.701793 0.077396 0.706582
93.000000000 95.118793 6.336722 -6.547318 -0.047457 0.701812 0.077380 0.706555
93.100000000 95.263134 6.361797 -6.557278 -0.047611 0.701229 0.077209 0.707142
93.200000000 95.406796 6.387263 -6.569708 -0.047799 0.700583 0.077081 0.707784
93.300000000 95.551311 6.412752 -6.581342 -0.047901 0.699934 0.076929 0.708434
93.400000000 95.695139 6.438446 -6.592194 -0.048050 0.699373 0.076847 0.708987
93.500000000 95.838663 6.464389 -6.603890 -0.048113 0.698870 0.076733 0.709491
93.600000000 95.981289 6.490587 -6.615262 -0.048148 0.698473 0.076638 0.709890
93.700000000 96.122722 6.517030 -6.625734 -0.048243 0.698202 0.076656 0.710148
93.800000000 96.263273 6.543737 -6.635777 -0.048251 0.697944 0.076647 0.710402
93.900000000 96.403149 6.570799 -6.648744 -0.048324 0.697741 0.076649 0.710597
94.000000000 96.541668 6.598043 -6.660314 -0.048329 0.697627 0.076654 0.710708
94.100000000 96.678755 6.625504 -6.669798 -0.048330 0.697598 0.076690 0.710732
94.200000000 96.814718 6.653241 -6.680476 -0.048287 0.697662 0.076740 0.710667
94.300000000 96.949478 6.681294 -6.692125 -0.048232 0.697868 0.076820 0.710460
94.400000000 97.082514 6.709608 -6.703351 -0.048014 0.698384 0.076907 0.709958
94.500000000 97.213981 6.738149 -6.713319 -0.047808 0.699173 0.077136 0.709169
94.600000000 97.344781 6.766828 -6.723988 -0.047521 0.700087 0.077374 0.708261
94.700000000 97.475658 6.795575 -6.734700 -0.047382 0.700853 0.077650 0.707482
94.800000000 97.607424 6.824212 -6.746557 -0.047284 0.701385 0.077844 0.706939
94.900000000 97.739925 6.852661 -6.756447 -0.047224 0.701622 0.077938 0.706698
95.000000000 97.873557 6.881019 -6.767293 -0.047270 0.701623 0.077999 0.706687
95.100000000 98.007906 6.909197 -6.777856 -0.047305 0.701498 0.077982 0.706811
95.200000000 98.142744 6.937360 -6.788932 -0.047339 0.701365 0.077935 0.706946
95.300000000 98.277701 6.965490 -6.799759 -0.047350 0.701295 0.077900 0.707019
95.400000000 98.412799 6.993655 -6.811199 -0.047368 0.701320 0.077922 0.706990
95.500000000 98.548029 7.021751 -6.822043 -0.047321 0.701399 0.077920 0.706915
95.600000000 98.683341 7.049817 -6.831681 -0.047313 0.701505 0.077979 0.706803
95.700000000 98.819148 7.077873 -6.842289 -0.047303 0.701642 0.078030 0.706663
95.800000000 98.955362 7.105855 -6.851944 -0.047222 0.701793 0.078035 0.706517
95.900000000 99.091598 7.133825 -6.862247 -0.047167 0.702092 0.078123 0.706214
96.000000000 99.184050 7.157810 -6.784218 -0.047167 0.700137 0.078480 0.708113
96.100000000 99.321784 7.185640 -6.793775 -0.047166 0.700389 0.078614 0.707849
96.200000000 99.461131 7.213208 -6.803765 -0.047192 0.700397 0.078674 0.707833
96.300000000 99.601632 7.240661 -6.813992 -0.047246 0.700290 0.078654 0.707937
96.400000000 99.742586 7.267935 -6.821988 -0.047248 0.700206 0.078608 0.708026
96.500000000 99.884259 7.295287 -6.832991 -0.047266 0.700215 0.078640 0.708012
96.600000000 100.026500 7.322488 -6.843147 -0.047301 0.700243 0.078729 0.707971
96.700000000 100.169534 7.349518 -6.851748 -0.047341 0.700226 0.078779 0.707980
96.800000000 100.313432 7.376439 -6.861718 -0.047388 0.700194 0.078807 0.708006
96.900000000 100.457993 7.403256 -6.872045 -0.047433 0.700211 0.078854 0.707981
97.000000000 100.603063 7.429975 -6.882346 -0.047439 0.700345 0.078884 0.707844
97.100000000 100.748190 7.456586 -6.891294 -0.047438 0.700680 0.078977 0.707502
97.200000000 100.893963 7.483103 -6.901312 -0.047373 0.701187 0.079113 0.706989
97.300000000 101.040501 7.509520 -6.910854 -0.047351 0.701810 0.079265 0.706355
97.400000000 101.188175 7.535752 -6.921419 -0.047368 0.702510 0.079448 0.705637
97.500000000 101.337289 7.561745 -6.930807 -0.047376 0.703231 0.079578 0.704903
97.600000000 101.488073 7.587605 -6.941281 -0.047374 0.704079 0.079677 0.704045
97.700000000 101.640207 7.613244 -6.950032 -0.047303 0.705176 0.079794 0.702938
97.800000000 101.794276 7.638863 -6.961023 -0.047209 0.706546 0.079995 0.701545
97.900000000 101.950899 7.664322 -6.970563 -0.047111 0.708048 0.080225 0.700009
98.000000000 102.110936 7.689543 -6.980157 -0.046954 0.709587 0.080413 0.698438
98.100000000 102.275154 7.714718 -6.990095 -0.046864 0.711055 0.080630 0.696924
98.200000000 102.444371 7.739605 -6.999788 -0.046753 0.712331 0.080776 0.695610
98.300000000 102.619329 7.764325 -7.009561 -0.046666 0.713307 0.080879 0.694604
