44.800000000 -3.379160 2.004412 -0.364896 0.015828 0.055599 -0.004011 0.998320
44.900000000 -3.872315 2.273453 -0.343647 0.008877 0.050356 -0.001984 0.998690
45.000000000 -4.357423 2.542607 -0.322592 0.003191 0.046176 0.000090 0.998928
45.100000000 -4.836727 2.815048 -0.300609 -0.000194 0.044217 0.001524 0.999021
45.200000000 -5.312407 3.092698 -0.279705 -0.000456 0.045073 0.002717 0.998980
45.300000000 -5.783437 3.375565 -0.258177 0.002494 0.048456 0.006774 0.998799
45.400000000 -6.246400 3.662491 -0.236280 0.008089 0.052344 0.011589 0.998529
45.500000000 -6.700078 3.951613 -0.215216 0.015528 0.055864 0.017331 0.998167
45.600000000 -7.141367 4.239343 -0.192698 0.023999 0.058258 0.018476 0.997842
45.700000000 -7.571806 4.522464 -0.171009 0.032194 0.060949 0.019239 0.997436
45.800000000 -7.992602 4.797157 -0.144242 0.039827 0.065637 0.020290 0.996842
45.900000000 -8.401063 5.062337 -0.120780 0.046552 0.071565 0.020177 0.996145
46.000000000 -8.796112 5.315492 -0.095422 0.052427 0.079065 0.020263 0.995284
46.100000000 -9.176360 5.555391 -0.070996 0.057309 0.087711 0.021643 0.994261
46.200000000 -9.538767 5.781223 -0.048771 0.061212 0.097127 0.022792 0.993126
46.300000000 -9.880214 5.992734 -0.028672 0.064335 0.106710 0.023559 0.991927
46.400000000 -10.195895 6.187325 -0.008430 0.066745 0.116040 0.025732 0.990665
46.500000000 -10.481895 6.364919 0.011844 0.068031 0.123373 0.027703 0.989638
46.600000000 -10.737182 6.526092 0.024651 0.068238 0.127997 0.029739 0.988977
46.700000000 -10.958951 6.670524 0.033253 0.067044 0.129561 0.031139 0.988812
46.800000000 -11.147810 6.798737 0.038173 0.064759 0.128606 0.032147 0.989057
46.900000000 -11.305220 6.911826 0.040358 0.061823 0.126200 0.032838 0.989532
47.000000000 -11.433081 7.011089 0.039676 0.058557 0.123114 0.033377 0.990101
47.100000000 -11.532870 7.097523 0.037852 0.055270 0.120005 0.033969 0.990651
47.200000000 -11.605913 7.172519 0.031832 0.052176 0.117054 0.034440 0.991156
47.300000000 -11.653148 7.236771 0.023845 0.049368 0.114515 0.034884 0.991581
47.400000000 -11.675528 7.291075 0.014436 0.046863 0.112402 0.035187 0.991933
47.500000000 -11.673857 7.336104 0.003365 0.044826 0.110752 0.035355 0.992207
47.600000000 -11.647910 7.372780 -0.010241 0.043258 0.109677 0.035532 0.992390
47.700000000 -11.598164 7.401294 -0.025521 0.042134 0.108813 0.035733 0.992526
47.800000000 -11.524750 7.421772 -0.043002 0.041366 0.108061 0.035887 0.992635
47.900000000 -11.427931 7.434396 -0.062406 0.040875 0.107450 0.035665 0.992729
48.000000000 -11.308849 7.439499 -0.083920 0.040883 0.107778 0.035425 0.992702
48.100000000 -11.166734 7.436849 -0.106251 0.041303 0.108882 0.035228 0.992571
48.200000000 -11.000850 7.426242 -0.129441 0.041875 0.110009 0.035015 0.992431
48.300000000 -10.810466 7.407266 -0.155657 0.042272 0.110308 0.035093 0.992378
48.400000000 -10.593525 7.379188 -0.184873 0.042271 0.109412 0.034927 0.992483
48.500000000 -10.350417 7.341983 -0.216315 0.041560 0.106969 0.035071 0.992774
48.600000000 -10.347401 7.333445 -0.221562 0.045836 0.099634 0.034742 0.993361
48.700000000 -10.053956 7.277560 -0.255258 0.043472 0.093793 0.034626 0.994039
48.800000000 -9.736786 7.212950 -0.294385 0.040290 0.086401 0.034332 0.994853
48.900000000 -9.399384 7.140937 -0.336542 0.036482 0.077990 0.034131 0.995702
49.000000000 -9.043873 7.062317 -0.377673 0.032384 0.069268 0.033517 0.996509
49.100000000 -8.673919 6.978746 -0.422431 0.028532 0.061387 0.032682 0.997171
49.200000000 -8.293691 6.891899 -0.462789 0.025309 0.054903 0.032028 0.997657
49.300000000 -7.905460 6.802864 -0.502486 0.023144 0.050989 0.031521 0.997933
49.400000000 -7.511095 6.712359 -0.541625 0.022158 0.050178 0.030605 0.998025
49.500000000 -7.111542 6.620906 -0.582855 0.022507 0.052593 0.030131 0.997908
49.600000000 -6.706995 6.528497 -0.623315 0.024042 0.058247 0.029394 0.997580
49.700000000 -6.293338 6.433878 -0.663186 0.026459 0.066565 0.029145 0.997005
49.800000000 -5.866694 6.335712 -0.701285 0.029058 0.075638 0.029169 0.996285
49.900000000 -5.421548 6.232479 -0.741034 0.030854 0.082831 0.029389 0.995652
50.000000000 -4.953408 6.122963 -0.782392 0.031250 0.086514 0.029810 0.995314
50.100000000 -4.461015 6.007053 -0.826333 0.030239 0.086472 0.029376 0.995362
50.200000000 -3.945388 5.885613 -0.870468 0.028506 0.084403 0.029444 0.995589
50.300000000 -3.409623 5.759536 -0.917809 0.026401 0.081415 0.029356 0.995898
50.400000000 -2.855860 5.629790 -0.965829 0.024392 0.078814 0.029363 0.996158
50.500000000 -2.285057 5.497256 -1.013965 0.022589 0.076541 0.029401 0.996377
50.600000000 -1.697261 5.362108 -1.062383 0.020791 0.074110 0.029512 0.996596
50.700000000 -1.092657 5.224419 -1.111398 0.018978 0.071263 0.029832 0.996831
50.800000000 -0.472084 5.085642 -1.157108 0.017096 0.067793 0.030079 0.997099
50.900000000 0.163498 4.945039 -1.205083 0.015232 0.063728 0.030894 0.997373
51.000000000 0.812850 4.803727 -1.252268 0.013475 0.060019 0.031572 0.997607
51.100000000 1.474228 4.661924 -1.299693 0.012013 0.056766 0.032239 0.997795
51.200000000 2.147169 4.520389 -1.345999 0.010522 0.053441 0.033071 0.997968
51.300000000 2.831555 4.378769 -1.391441 0.009154 0.050046 0.034077 0.998123
51.400000000 3.526278 4.238140 -1.433250 0.007604 0.046356 0.034702 0.998293
51.500000000 4.229981 4.097783 -1.477936 0.006182 0.042096 0.035667 0.998458
51.600000000 4.942654 3.959489 -1.518530 0.004601 0.037342 0.036997 0.998607
51.700000000 5.661960 3.822503 -1.560881 0.002711 0.031414 0.038240 0.998771
51.800000000 6.388672 3.687123 -1.601545 0.000665 0.024367 0.039610 0.998918
51.900000000 7.118590 3.554020 -1.643845 -0.001203 0.017404 0.041238 0.998997
52.000000000 7.850449 3.424333 -1.680992 -0.003079 0.010255 0.042658 0.999032
52.100000000 8.580244 3.298384 -1.717777 -0.004504 0.003903 0.044186 0.999006
52.200000000 9.305677 3.176700 -1.753452 -0.005835 -0.002564 0.045375 0.998950
52.300000000 10.111910 3.038137 -1.561234 -0.003203 -0.006678 0.045102 0.998955
52.400000000 10.821908 2.923563 -1.597345 -0.003456 -0.010065 0.046331 0.998869
52.500000000 11.522604 2.813991 -1.632307 -0.003160 -0.011699 0.047354 0.998805
52.600000000 12.213863 2.708864 -1.667373 -0.002247 -0.011270 0.048673 0.998749
52.700000000 12.897795 2.607976 -1.700297 -0.001252 -0.010904 0.049924 0.998693
52.800000000 13.575062 2.510362 -1.732691 -0.000191 -0.010086 0.051369 0.998629
52.900000000 14.247919 2.415519 -1.764113 0.000319 -0.011110 0.052735 0.998547
53.000000000 14.916371 2.322974 -1.795702 0.000160 -0.013939 0.053790 0.998455
53.100000000 15.579447 2.233316 -1.823562 -0.000432 -0.018194 0.054975 0.998322
53.200000000 16.232939 2.146907 -1.852883 -0.001058 -0.022908 0.055812 0.998178
53.300000000 16.879038 2.063096 -1.881993 -0.001932 -0.027855 0.056037 0.998038
53.400000000 17.511529 1.983223 -1.909682 -0.002263 -0.031427 0.056436 0.997909
53.500000000 18.129329 1.907320 -1.939779 -0.002063 -0.032751 0.057078 0.997830
53.600000000 18.732510 1.835150 -1.966326 -0.001344 -0.032381 0.057904 0.997796
53.700000000 19.322084 1.766401 -1.991441 -0.000352 -0.030848 0.058954 0.997784
53.800000000 19.900080 1.700385 -2.021239 0.000351 -0.029568 0.059640 0.997782
53.900000000 20.467198 1.636735 -2.047775 0.000989 -0.028765 0.060025 0.997782
54.000000000 21.023170 1.575592 -2.073001 0.001572 -0.027888 0.060243 0.997793
54.100000000 21.568029 1.516813 -2.098782 0.002265 -0.026499 0.060450 0.997817
54.200000000 22.101963 1.460332 -2.123775 0.003047 -0.024660 0.060774 0.997842
54.300000000 22.625672 1.405872 -2.148021 0.003858 -0.022355 0.061195 0.997868
54.400000000 23.140692 1.352946 -2.172639 0.004562 -0.020231 0.061667 0.997881
54.500000000 23.648653 1.301315 -2.196538 0.004922 -0.018867 0.061848 0.997895
54.600000000 24.149579 1.251247 -2.217447 0.004833 -0.019166 0.062247 0.997865
54.700000000 24.647749 1.201360 -2.240150 0.004183 -0.021276 0.062517 0.997808
54.800000000 25.136980 1.153282 -2.261830 0.003298 -0.024172 0.062706 0.997734
54.900000000 25.616220 1.107148 -2.285641 0.002237 -0.027441 0.063072 0.997629
55.000000000 26.088451 1.062391 -2.307486 0.001072 -0.031298 0.063155 0.997512
55.100000000 26.545486 1.020720 -2.330633 0.000068 -0.034493 0.063398 0.997392
55.200000000 26.994067 0.980812 -2.350498 -0.001069 -0.038269 0.063686 0.997235
55.300000000 27.429026 0.943716 -2.369759 -0.002084 -0.041703 0.063538 0.997106
55.400000000 28.022780 0.841090 -2.085952 0.001229 -0.048722 0.063213 0.996809
55.500000000 28.426957 0.810398 -2.099067 0.001069 -0.049347 0.063418 0.996766
55.600000000 28.814618 0.783206 -2.113805 0.001261 -0.048901 0.063457 0.996785
55.700000000 29.186122 0.759376 -2.128153 0.002038 -0.046650 0.063621 0.996881
55.800000000 29.542131 0.738803 -2.142853 0.003258 -0.042978 0.063913 0.997024
55.900000000 29.884746 0.720959 -2.157276 0.004730 -0.038532 0.064419 0.997168
56.000000000 30.216187 0.705291 -2.171308 0.006130 -0.034530 0.064738 0.997286
56.100000000 30.538057 0.691368 -2.184950 0.007428 -0.030810 0.065105 0.997375
56.200000000 30.851900 0.678588 -2.199394 0.008357 -0.028336 0.065432 0.997420
56.300000000 31.160064 0.666808 -2.211971 0.008817 -0.027566 0.066019 0.997399
56.400000000 31.464689 0.655483 -2.226075 0.008620 -0.029075 0.066302 0.997339
56.500000000 31.759473 0.645293 -2.236760 0.008172 -0.031124 0.066529 0.997265
56.600000000 32.047679 0.635853 -2.248818 0.007402 -0.033966 0.066734 0.997165
56.700000000 32.323899 0.628089 -2.257639 0.006741 -0.035921 0.066640 0.997107
56.800000000 32.589110 0.621990 -2.269529 0.006168 -0.037206 0.066446 0.997077
56.900000000 32.842544 0.617766 -2.282104 0.005760 -0.037737 0.066445 0.997060
57.000000000 33.084636 0.615429 -2.292587 0.005407 -0.037999 0.066478 0.997049
57.100000000 33.315628 0.615024 -2.303267 0.005178 -0.037809 0.066569 0.997052
57.200000000 33.535028 0.616753 -2.314213 0.005025 -0.037455 0.066493 0.997071
57.300000000 33.742509 0.620697 -2.321242 0.005159 -0.036147 0.066465 0.997120
57.400000000 33.938545 0.626932 -2.332362 0.005523 -0.034143 0.066489 0.997187
57.500000000 34.123964 0.635251 -2.343972 0.006142 -0.031424 0.066549 0.997269
57.600000000 34.299563 0.645613 -2.355280 0.006915 -0.028395 0.066661 0.997348
57.700000000 34.466460 0.657789 -2.365310 0.007848 -0.025113 0.066775 0.997421
57.800000000 34.625783 0.671532 -2.375861 0.008898 -0.021710 0.066949 0.997480
57.900000000 34.777665 0.686677 -2.386383 0.010024 -0.018057 0.067118 0.997531
58.000000000 34.924314 0.702863 -2.396690 0.011155 -0.014529 0.067303 0.997564
58.100000000 35.066246 0.719792 -2.405917 0.012213 -0.011095 0.067430 0.997588
58.200000000 35.205606 0.737114 -2.416842 0.013156 -0.008167 0.067700 0.997586
58.300000000 35.342178 0.754662 -2.424507 0.013870 -0.005780 0.067739 0.997590
58.400000000 35.476859 0.772471 -2.435582 0.014532 -0.003721 0.067790 0.997587
58.500000000 35.609866 0.790400 -2.444512 0.015140 -0.001795 0.067833 0.997580
58.600000000 35.741890 0.808241 -2.455990 0.015604 -0.000039 0.067987 0.997564
58.700000000 35.873211 0.825957 -2.466282 0.016026 0.001349 0.068050 0.997552
58.800000000 36.003271 0.842971 -2.476670 0.016199 0.002826 0.068099 0.997543
58.900000000 36.134228 0.859787 -2.486178 0.016247 0.003737 0.068062 0.997542
59.000000000 36.265581 0.876313 -2.497206 0.016197 0.004467 0.068114 0.997536
59.100000000 36.396092 0.892861 -2.507831 0.016104 0.005176 0.068055 0.997538
59.200000000 36.528535 0.909063 -2.517790 0.015920 0.005209 0.068105 0.997538
59.300000000 36.661856 0.925177 -2.528388 0.015733 0.004737 0.068053 0.997546
59.400000000 36.796011 0.941521 -2.540165 0.015557 0.003903 0.068070 0.997552
59.500000000 36.930376 0.957862 -2.552864 0.015514 0.002794 0.068097 0.997554
59.600000000 37.064569 0.974302 -2.562809 0.015498 0.001414 0.068143 0.997554
59.700000000 37.198631 0.990830 -2.575384 0.015503 -0.000030 0.068131 0.997556
59.800000000 37.330686 1.007172 -2.585544 0.015541 -0.001108 0.068226 0.997548
59.900000000 37.461096 1.023426 -2.597887 0.015587 -0.001734 0.068259 0.997544
60.000000000 37.589242 1.039476 -2.609540 0.015578 -0.001837 0.068236 0.997546
60.100000000 37.715080 1.055359 -2.621198 0.015608 -0.001418 0.068116 0.997554
60.200000000 37.838785 1.071175 -2.633568 0.015710 -0.000452 0.067996 0.997562
60.300000000 37.960807 1.086886 -2.645816 0.015856 0.000882 0.067815 0.997572
60.400000000 38.081735 1.102318 -2.655780 0.016033 0.002367 0.067698 0.997574
60.500000000 38.202224 1.117661 -2.668085 0.016259 0.003759 0.067462 0.997582
60.600000000 38.323005 1.133002 -2.680780 0.016508 0.004945 0.067275 0.997586
60.700000000 38.444045 1.148196 -2.693659 0.016829 0.006052 0.067161 0.997582
60.800000000 38.565804 1.163067 -2.706086 0.017140 0.006955 0.067144 0.997572
60.900000000 38.688293 1.177418 -2.718026 0.017371 0.007820 0.067201 0.997558
61.000000000 38.811387 1.191122 -2.730269 0.017432 0.008861 0.067220 0.997547
61.100000000 38.935624 1.203935 -2.743382 0.017313 0.009949 0.066992 0.997554
61.200000000 39.061510 1.216308 -2.756077 0.016953 0.010838 0.066886 0.997558
61.300000000 39.189672 1.228231 -2.769134 0.016500 0.011317 0.066814 0.997565
61.400000000 39.319981 1.240005 -2.781737 0.016016 0.011404 0.066629 0.997584
61.500000000 39.452726 1.251769 -2.794636 0.015544 0.011073 0.066607 0.997597
61.600000000 39.587692 1.263650 -2.807161 0.015146 0.010342 0.066577 0.997613
61.700000000 39.724607 1.275813 -2.821101 0.014809 0.009342 0.066559 0.997629
61.800000000 39.862992 1.288269 -2.835760 0.014551 0.008181 0.066591 0.997641
61.900000000 40.002475 1.300999 -2.847994 0.014301 0.006839 0.066726 0.997645
62.000000000 40.142536 1.314129 -2.862318 0.014148 0.005675 0.066758 0.997653
62.100000000 40.282777 1.327537 -2.873097 0.014018 0.004535 0.066756 0.997661
62.200000000 40.422807 1.341335 -2.888987 0.014000 0.003759 0.066702 0.997668
62.300000000 40.562255 1.355586 -2.902981 0.014044 0.003360 0.066664 0.997671
62.400000000 40.701129 1.370142 -2.914954 0.014160 0.003136 0.066680 0.997669
62.500000000 40.840044 1.384955 -2.929409 0.014246 0.002921 0.066656 0.997670
62.600000000 40.978330 1.399957 -2.943436 0.014365 0.002975 0.066654 0.997668
62.700000000 41.115624 1.415197 -2.955242 0.014570 0.003405 0.066658 0.997664
62.800000000 41.253019 1.430541 -2.969000 0.014723 0.003826 0.066658 0.997660
62.900000000 41.389825 1.446015 -2.982691 0.014892 0.004503 0.066648 0.997655
63.000000000 41.526928 1.461458 -2.996390 0.015031 0.005231 0.066552 0.997656
63.100000000 41.663832 1.476985 -3.008527 0.015190 0.006169 0.066468 0.997654
63.200000000 41.801576 1.492546 -3.022393 0.015344 0.007076 0.066495 0.997644
63.300000000 41.940154 1.508022 -3.035797 0.015454 0.007887 0.066468 0.997638
63.400000000 42.079375 1.523524 -3.049585 0.015606 0.008729 0.066365 0.997635
63.500000000 42.220405 1.538942 -3.062609 0.015668 0.009217 0.066323 0.997633
63.600000000 42.362994 1.554296 -3.076470 0.015739 0.009638 0.066356 0.997625
63.700000000 42.506253 1.569568 -3.089056 0.015755 0.009860 0.066422 0.997618
63.800000000 42.652226 1.584644 -3.103329 0.015734 0.009736 0.066473 0.997617
63.900000000 42.799869 1.599704 -3.116844 0.015639 0.009400 0.066562 0.997615
64.000000000 42.948707 1.614725 -3.129622 0.015529 0.008994 0.066601 0.997618
64.100000000 43.098916 1.629691 -3.141867 0.015368 0.008470 0.066691 0.997619
64.200000000 43.250337 1.644633 -3.154372 0.015193 0.007872 0.066756 0.997623
64.300000000 43.402665 1.659656 -3.168197 0.015005 0.007291 0.066862 0.997623
64.400000000 43.555615 1.674721 -3.179977 0.014824 0.006730 0.066934 0.997625
64.500000000 43.709080 1.689913 -3.192767 0.014682 0.006288 0.066970 0.997627
64.600000000 43.862746 1.705371 -3.206289 0.014587 0.006073 0.067026 0.997626
64.700000000 44.016517 1.721073 -3.219101 0.014555 0.006043 0.067134 0.997620
64.800000000 44.170511 1.736978 -3.231776 0.014592 0.006188 0.067144 0.997617
64.900000000 44.324485 1.753120 -3.242116 0.014701 0.006571 0.067225 0.997608
65.000000000 44.478663 1.769488 -3.255090 0.014936 0.007195 0.067251 0.997598
65.100000000 44.633374 1.786167 -3.267370 0.015224 0.008042 0.067304 0.997584
65.200000000 44.788731 1.802945 -3.279015 0.015611 0.009048 0.067383 0.997564
65.300000000 44.945186 1.819742 -3.290998 0.015988 0.010137 0.067431 0.997544
65.400000000 45.102921 1.836468 -3.302281 0.016405 0.011232 0.067470 0.997523
65.500000000 45.262439 1.853019 -3.313802 0.016821 0.012318 0.067511 0.997501
65.600000000 45.424102 1.869285 -3.326074 0.017227 0.013341 0.067576 0.997476
65.700000000 45.588251 1.885170 -3.338417 0.017588 0.014216 0.067627 0.997454
65.800000000 45.754983 1.900566 -3.350614 0.017905 0.014941 0.067755 0.997429
65.900000000 45.924778 1.915397 -3.362055 0.018131 0.015390 0.067834 0.997413
66.000000000 46.097792 1.929626 -3.375200 0.018273 0.015660 0.067870 0.997404
66.100000000 46.273251 1.943304 -3.388208 0.018462 0.016024 0.067897 0.997393
66.200000000 46.451610 1.956382 -3.400449 0.018689 0.016491 0.067825 0.997386
66.300000000 46.632456 1.968878 -3.411975 0.019027 0.017289 0.067749 0.997371
66.400000000 46.815764 1.980960 -3.425069 0.019520 0.018683 0.067740 0.997337
66.500000000 47.002105 1.992283 -3.438179 0.020144 0.020368 0.067720 0.997293
66.600000000 47.192942 2.002553 -3.451027 0.020713 0.021912 0.067669 0.997252
66.700000000 47.387794 2.011725 -3.464799 0.021251 0.023559 0.067637 0.997205
66.800000000 47.588872 2.019416 -3.478751 0.021548 0.024450 0.067709 0.997173
66.900000000 47.706075 2.017632 -3.382322 0.022901 0.022952 0.067512 0.997191
67.000000000 47.918113 2.022648 -3.396031 0.022925 0.023138 0.067374 0.997196
67.100000000 48.135730 2.026329 -3.410391 0.022900 0.023193 0.067293 0.997201
67.200000000 48.357560 2.028701 -3.425008 0.022798 0.023204 0.067305 0.997202
67.300000000 48.587092 2.029329 -3.439386 0.022363 0.022221 0.067418 0.997227
67.400000000 48.822552 2.028612 -3.454446 0.021697 0.020596 0.067457 0.997274
67.500000000 49.063638 2.026361 -3.467051 0.020771 0.018373 0.067129 0.997359
67.600000000 49.308182 2.023611 -3.482451 0.019933 0.016246 0.067008 0.997421
67.700000000 49.556061 2.020255 -3.498066 0.019126 0.014092 0.066882 0.997478
67.800000000 49.806673 2.016501 -3.513818 0.018368 0.011990 0.066759 0.997528
67.900000000 50.059412 2.012488 -3.529389 0.017721 0.010164 0.066652 0.997567
68.000000000 50.313563 2.008302 -3.542573 0.017185 0.008588 0.066657 0.997591
68.100000000 50.568839 2.004173 -3.558293 0.016680 0.007025 0.066707 0.997608
68.200000000 50.825411 1.999935 -3.574368 0.016172 0.005316 0.066797 0.997621
68.300000000 51.082816 1.995700 -3.589174 0.015531 0.003295 0.066892 0.997634
68.400000000 51.340706 1.991528 -3.606176 0.014800 0.001023 0.066985 0.997644
68.500000000 51.598300 1.987600 -3.621140 0.013987 -0.001448 0.067080 0.997649
68.600000000 51.854925 1.984091 -3.637880 0.013180 -0.003874 0.067038 0.997656
68.700000000 52.108608 1.981425 -3.650172 0.012520 -0.005866 0.066922 0.997662
68.800000000 52.359355 1.979860 -3.667001 0.012050 -0.007289 0.066978 0.997655
68.900000000 52.606498 1.979266 -3.682487 0.011833 -0.008206 0.067115 0.997641
69.000000000 52.850429 1.979717 -3.698076 0.011816 -0.008503 0.067222 0.997632
69.100000000 53.089787 1.981344 -3.713244 0.012018 -0.008196 0.067343 0.997624
69.200000000 53.325919 1.984030 -3.728666 0.012387 -0.007266 0.067436 0.997620
69.300000000 53.558303 1.987670 -3.744549 0.012980 -0.005670 0.067566 0.997614
69.400000000 53.787671 1.992089 -3.760039 0.013728 -0.003622 0.067708 0.997604
69.500000000 54.014942 1.997080 -3.775282 0.014551 -0.001345 0.067896 0.997585
69.600000000 54.240985 2.002424 -3.790104 0.015395 0.000902 0.068078 0.997561
69.700000000 54.465792 2.008027 -3.805481 0.016306 0.003359 0.068137 0.997537
69.800000000 54.690775 2.013660 -3.820947 0.017252 0.005797 0.068268 0.997501
69.900000000 54.916373 2.019083 -3.835647 0.018232 0.008210 0.068471 0.997453
70.000000000 55.143747 2.023977 -3.852285 0.019191 0.010565 0.068744 0.997394
70.100000000 55.374761 2.027944 -3.868010 0.019825 0.011876 0.068969 0.997351
70.200000000 55.608797 2.030719 -3.883550 0.020175 0.012538 0.069262 0.997316
70.300000000 55.846344 2.032351 -3.899874 0.020213 0.012515 0.069397 0.997306
70.400000000 56.087541 2.032661 -3.916252 0.019844 0.011699 0.069260 0.997333
70.500000000 56.331226 2.031964 -3.932050 0.019258 0.010353 0.068935 0.997382
70.600000000 56.576455 2.030144 -3.948568 0.018366 0.008635 0.068891 0.997418
70.700000000 56.825457 2.027555 -3.963088 0.017284 0.005953 0.068863 0.997459
70.800000000 57.075993 2.024703 -3.981428 0.016081 0.002845 0.068897 0.997490
70.900000000 57.326955 2.021599 -3.996304 0.014820 -0.000446 0.068888 0.997514
71.000000000 57.576038 2.018828 -4.013472 0.013729 -0.003422 0.068494 0.997551
71.100000000 57.823005 2.016541 -4.027564 0.012544 -0.006075 0.068441 0.997558
71.200000000 58.067308 2.015105 -4.044819 0.011745 -0.008351 0.068391 0.997554
71.300000000 58.307382 2.014848 -4.058620 0.011044 -0.010184 0.068524 0.997536
71.400000000 58.543977 2.015620 -4.075880 0.010586 -0.011498 0.068609 0.997521
71.500000000 58.776004 2.017661 -4.092022 0.010244 -0.012397 0.068784 0.997502
71.600000000 59.003221 2.020982 -4.106485 0.010075 -0.012865 0.069040 0.997480
71.700000000 59.226336 2.025474 -4.122602 0.009945 -0.013075 0.069179 0.997469
71.800000000 59.444434 2.031303 -4.138511 0.010016 -0.012728 0.069290 0.997465
71.900000000 59.657511 2.038544 -4.153704 0.010307 -0.011742 0.069425 0.997465
72.000000000 59.865774 2.047011 -4.168573 0.010888 -0.009956 0.069547 0.997470
72.100000000 60.069895 2.056777 -4.183957 0.011641 -0.007653 0.069707 0.997470
72.200000000 60.270992 2.067491 -4.199052 0.012500 -0.005182 0.069995 0.997456
72.300000000 60.469960 2.078917 -4.212850 0.013317 -0.002958 0.070505 0.997418
72.400000000 60.668230 2.090484 -4.227689 0.014085 -0.001195 0.070945 0.997380
72.500000000 60.866608 2.102442 -4.242023 0.014576 -0.000136 0.071378 0.997343
72.600000000 61.064483 2.114517 -4.256799 0.014964 0.000613 0.071765 0.997309
72.700000000 61.261774 2.126573 -4.270014 0.015271 0.001141 0.072145 0.997277
72.800000000 61.459024 2.138526 -4.284233 0.015472 0.001485 0.072433 0.997252
72.900000000 61.656157 2.150385 -4.298266 0.015521 0.001625 0.072683 0.997233
73.000000000 61.853361 2.162133 -4.313334 0.015434 0.001589 0.072918 0.997217
73.100000000 62.049895 2.173787 -4.327735 0.015379 0.001533 0.072990 0.997213
73.200000000 62.246192 2.185455 -4.341097 0.015174 0.001374 0.073266 0.997196
73.300000000 62.442415 2.197090 -4.356207 0.015039 0.001122 0.073458 0.997184
73.400000000 62.636937 2.209095 -4.369525 0.014973 0.001337 0.073701 0.997167
73.500000000 62.831928 2.221184 -4.384386 0.014958 0.001414 0.073958 0.997148
73.600000000 63.026309 2.233486 -4.397233 0.014979 0.001505 0.074397 0.997115
73.700000000 63.220250 2.245761 -4.412373 0.015157 0.001826 0.074691 0.997090
73.800000000 63.413900 2.258405 -4.427227 0.015269 0.002098 0.075131 0.997055
73.900000000 63.607569 2.271120 -4.439523 0.015359 0.002181 0.075520 0.997024
74.000000000 63.800966 2.283812 -4.455381 0.015425 0.002516 0.075872 0.996995
74.100000000 63.994612 2.296435 -4.469188 0.015448 0.002442 0.076262 0.996965
74.200000000 64.188527 2.308982 -4.484291 0.015417 0.002403 0.076607 0.996939
74.300000000 64.381873 2.321649 -4.497236 0.015410 0.002393 0.076872 0.996919
74.400000000 64.575535 2.334191 -4.511787 0.015347 0.002327 0.077171 0.996897
74.500000000 64.768504 2.346874 -4.526530 0.015324 0.002514 0.077503 0.996871
74.600000000 64.960224 2.359472 -4.541289 0.015337 0.002861 0.077759 0.996850
74.700000000 65.153311 2.372183 -4.555613 0.015352 0.003044 0.078080 0.996824
74.800000000 65.346067 2.385098 -4.568213 0.015411 0.003282 0.078306 0.996805
74.900000000 65.539142 2.397948 -4.583388 0.015441 0.003531 0.078661 0.996776
75.000000000 65.732734 2.410753 -4.598423 0.015440 0.003585 0.079028 0.996746
75.100000000 65.926476 2.423571 -4.612061 0.015405 0.003363 0.079425 0.996716
75.200000000 66.120709 2.436339 -4.625762 0.015286 0.002881 0.079772 0.996692
75.300000000 66.315332 2.449026 -4.640227 0.015123 0.002215 0.080051 0.996674
75.400000000 66.509681 2.461993 -4.655835 0.014884 0.001555 0.080454 0.996646
75.500000000 66.703642 2.474846 -4.670713 0.014697 0.000928 0.080773 0.996624
75.600000000 66.896797 2.487892 -4.685067 0.014529 0.000470 0.080960 0.996611
75.700000000 67.088686 2.501204 -4.696439 0.014374 0.000165 0.081180 0.996596
75.800000000 67.280123 2.514624 -4.711263 0.014274 0.000017 0.081438 0.996576
75.900000000 67.470604 2.528325 -4.725713 0.014172 -0.000142 0.081705 0.996556
76.000000000 67.660269 2.542263 -4.739916 0.014078 -0.000269 0.081947 0.996537
76.100000000 67.848879 2.556528 -4.751767 0.014019 -0.000409 0.082269 0.996511
76.200000000 68.036889 2.571062 -4.766434 0.013991 -0.000463 0.082533 0.996490
76.300000000 68.223378 2.586009 -4.779665 0.014043 -0.000330 0.082808 0.996467
76.400000000 68.409008 2.601264 -4.793733 0.014152 -0.000079 0.083101 0.996441
76.500000000 68.593855 2.616813 -4.808109 0.014290 0.000275 0.083333 0.996419
76.600000000 68.777582 2.632623 -4.820495 0.014445 0.000651 0.083642 0.996391
76.700000000 68.961026 2.648602 -4.834908 0.014624 0.001055 0.083888 0.996367
76.800000000 69.143817 2.664700 -4.849096 0.014798 0.001525 0.084144 0.996343
76.900000000 69.326005 2.680859 -4.861368 0.014953 0.001930 0.084516 0.996308
77.000000000 69.508315 2.696996 -4.875177 0.015075 0.002223 0.084752 0.996286
77.100000000 69.690705 2.713174 -4.889359 0.015057 0.002327 0.084997 0.996265
77.200000000 69.872862 2.729266 -4.901436 0.014972 0.002255 0.085199 0.996249
77.300000000 70.055231 2.745350 -4.915996 0.014869 0.002180 0.085263 0.996245
77.400000000 70.236564 2.761671 -4.928290 0.014816 0.002346 0.085298 0.996243
77.500000000 70.417875 2.778155 -4.942560 0.014769 0.002622 0.085476 0.996227
77.600000000 70.598983 2.794715 -4.957607 0.014806 0.002914 0.085706 0.996206
77.700000000 70.781192 2.811378 -4.970770 0.014756 0.002782 0.085872 0.996193
77.800000000 70.962844 2.828245 -4.984735 0.014779 0.002858 0.086094 0.996173
77.900000000 71.144525 2.845303 -4.998891 0.014862 0.002941 0.086345 0.996150
78.000000000 71.325151 2.862443 -5.013815 0.015039 0.003575 0.086595 0.996124
78.100000000 71.506981 2.879784 -5.028197 0.015197 0.003803 0.086789 0.996104
78.200000000 71.688609 2.897177 -5.042768 0.015383 0.004283 0.086972 0.996083
78.300000000 71.870749 2.914551 -5.055779 0.015548 0.004674 0.087251 0.996054
78.400000000 72.053937 2.931670 -5.072394 0.015622 0.004742 0.087521 0.996029
78.500000000 72.238523 2.948637 -5.086570 0.015461 0.004303 0.087795 0.996009
78.600000000 72.424147 2.965505 -5.101747 0.015170 0.003345 0.087822 0.996015
78.700000000 72.609766 2.982283 -5.115971 0.014786 0.002399 0.087910 0.996016
78.800000000 72.796145 2.999172 -5.129691 0.014358 0.001021 0.087967 0.996019
78.900000000 73.081826 2.971692 -5.056144 0.019093 -0.005122 0.087996 0.995925
79.000000000 73.266722 2.989207 -5.069341 0.018733 -0.006100 0.087999 0.995926
79.100000000 73.449966 3.007131 -5.081014 0.018466 -0.006846 0.088093 0.995918
79.200000000 73.631929 3.025495 -5.094126 0.018272 -0.007418 0.088223 0.995906
79.300000000 73.812405 3.044336 -5.106833 0.018121 -0.007994 0.088407 0.995888
79.400000000 73.991528 3.063626 -5.118423 0.018002 -0.008494 0.088576 0.995870
79.500000000 74.168689 3.083494 -5.131691 0.017975 -0.008686 0.088693 0.995859
79.600000000 74.343466 3.103922 -5.141859 0.018058 -0.008601 0.088892 0.995840
79.700000000 74.516686 3.124860 -5.155160 0.018213 -0.008301 0.089062 0.995825
79.800000000 74.687674 3.146218 -5.165928 0.018433 -0.007776 0.089325 0.995802
79.900000000 74.857240 3.167901 -5.178491 0.018740 -0.007076 0.089469 0.995788
80.000000000 75.025522 3.190098 -5.192344 0.019002 -0.006291 0.089730 0.995765
80.100000000 75.192886 3.212440 -5.205252 0.019251 -0.005541 0.089931 0.995746
80.200000000 75.359170 3.234991 -5.217719 0.019522 -0.004665 0.090031 0.995737
80.300000000 75.524228 3.257760 -5.229212 0.019862 -0.003494 0.090006 0.995737
80.400000000 75.688798 3.280750 -5.242015 0.020266 -0.001961 0.089968 0.995736
80.500000000 75.852997 3.303820 -5.254875 0.020742 -0.000154 0.090155 0.995712
80.600000000 76.017856 3.326807 -5.267636 0.021207 0.001498 0.090364 0.995682
80.700000000 76.184038 3.349618 -5.280554 0.021580 0.002924 0.090586 0.995650
80.800000000 76.351823 3.372155 -5.292890 0.021864 0.004059 0.090698 0.995630
80.900000000 76.521805 3.394425 -5.306662 0.022046 0.004929 0.090745 0.995618
81.000000000 76.693804 3.416372 -5.319852 0.022165 0.005476 0.090789 0.995608
81.100000000 76.868569 3.438007 -5.333664 0.022182 0.005677 0.090859 0.995600
81.200000000 77.045426 3.459347 -5.346762 0.022170 0.005645 0.090927 0.995595
81.300000000 77.224775 3.480471 -5.361684 0.022118 0.005349 0.091072 0.995584
81.400000000 77.406676 3.501306 -5.375528 0.021974 0.004805 0.091191 0.995579
81.500000000 77.590161 3.521891 -5.389041 0.021818 0.004189 0.091253 0.995580
81.600000000 77.775607 3.542287 -5.402882 0.021724 0.003546 0.091183 0.995591
81.700000000 77.960737 3.562642 -5.419360 0.021637 0.003291 0.091190 0.995593
81.800000000 78.148799 3.582830 -5.434221 0.021529 0.002635 0.091195 0.995597
81.900000000 78.338424 3.602832 -5.448791 0.021434 0.001915 0.091264 0.995594
82.000000000 78.529209 3.622572 -5.461589 0.021312 0.001036 0.091454 0.995581
82.100000000 78.721434 3.642298 -5.477309 0.021112 -0.000174 0.091645 0.995568
82.200000000 78.915115 3.661690 -5.491397 0.020780 -0.001984 0.091774 0.995561
82.300000000 79.109664 3.680798 -5.505517 0.020184 -0.004504 0.091804 0.995562
82.400000000 79.304873 3.699759 -5.520587 0.019445 -0.007506 0.091650 0.995573
82.500000000 79.498313 3.718644 -5.530658 0.018741 -0.010444 0.091413 0.995582
82.600000000 79.689441 3.738242 -5.545778 0.018142 -0.013081 0.091312 0.995571
82.700000000 79.877554 3.758168 -5.560403 0.017771 -0.015215 0.091228 0.995555
82.800000000 80.061516 3.778687 -5.574262 0.017520 -0.016712 0.091074 0.995550
82.900000000 80.240441 3.799716 -5.585916 0.017435 -0.017588 0.091139 0.995530
83.000000000 80.415281 3.821281 -5.599323 0.017521 -0.017840 0.091072 0.995530
83.100000000 80.643924 3.826998 -5.529434 0.018318 -0.020222 0.092032 0.995382
83.200000000 80.809587 3.849769 -5.541449 0.018583 -0.019509 0.091943 0.995400
83.300000000 80.971159 3.872831 -5.552584 0.018896 -0.018503 0.091906 0.995416
83.400000000 81.129100 3.896176 -5.563976 0.019214 -0.017257 0.091857 0.995437
83.500000000 81.283861 3.919674 -5.574689 0.019535 -0.015900 0.091902 0.995449
83.600000000 81.435887 3.943296 -5.585674 0.019837 -0.014502 0.091911 0.995464
83.700000000 81.585584 3.966943 -5.596283 0.020089 -0.013055 0.091880 0.995482
83.800000000 81.733386 3.990592 -5.606695 0.020293 -0.011634 0.091815 0.995501
83.900000000 81.879603 4.014261 -5.615558 0.020452 -0.010300 0.091551 0.995537
84.000000000 82.024917 4.038052 -5.625750 0.020544 -0.009116 0.091489 0.995552
84.100000000 82.169358 4.061631 -5.633786 0.020607 -0.008140 0.091427 0.995565
84.200000000 82.313475 4.085407 -5.643284 0.020648 -0.007336 0.091345 0.995578
84.300000000 82.457347 4.109297 -5.652895 0.020662 -0.006660 0.091272 0.995589
84.400000000 82.600708 4.133190 -5.662374 0.020683 -0.006022 0.091106 0.995608
84.500000000 82.744202 4.157291 -5.671667 0.020657 -0.005490 0.090987 0.995623
84.600000000 82.887978 4.181507 -5.680153 0.020628 -0.005129 0.090956 0.995628
84.700000000 83.032042 4.205858 -5.689320 0.020646 -0.004874 0.090852 0.995638
84.800000000 83.176416 4.230462 -5.697923 0.020669 -0.004730 0.090742 0.995649
84.900000000 83.319411 4.255273 -5.706524 0.020734 -0.004393 0.090651 0.995657
85.000000000 83.464442 4.280248 -5.714450 0.020784 -0.004439 0.090592 0.995661
85.100000000 83.609766 4.305426 -5.722958 0.020876 -0.004504 0.090544 0.995663
85.200000000 83.755374 4.330680 -5.730842 0.020975 -0.004553 0.090446 0.995670
85.300000000 83.901101 4.356038 -5.739219 0.021068 -0.004653 0.090309 0.995680
85.400000000 84.046992 4.381522 -5.746619 0.021144 -0.004804 0.090243 0.995684
85.500000000 84.192992 4.407072 -5.754634 0.021236 -0.004947 0.090201 0.995685
85.600000000 84.339100 4.432547 -5.762418 0.021345 -0.005111 0.090120 0.995689
85.700000000 84.485201 4.458070 -5.769879 0.021402 -0.005254 0.090110 0.995688
85.800000000 84.631293 4.483436 -5.777918 0.021466 -0.005324 0.090048 0.995692
85.900000000 84.777163 4.508721 -5.785721 0.021457 -0.005358 0.089942 0.995701
86.000000000 84.923103 4.533932 -5.793728 0.021413 -0.005290 0.089865 0.995710
86.100000000 85.068667 4.558941 -5.799260 0.021347 -0.005171 0.089744 0.995723
86.200000000 85.214387 4.584031 -5.806985 0.021278 -0.004953 0.089629 0.995736
86.300000000 85.360102 4.609122 -5.814493 0.021220 -0.004681 0.089487 0.995751
86.400000000 85.505885 4.634287 -5.821945 0.021183 -0.004389 0.089405 0.995760
86.500000000 85.651672 4.659443 -5.827251 0.021151 -0.004112 0.089264 0.995775
86.600000000 85.798002 4.684817 -5.834641 0.021160 -0.003873 0.089204 0.995781
86.700000000 85.944651 4.710321 -5.842173 0.021191 -0.003707 0.089153 0.995786
86.800000000 86.091933 4.735811 -5.849810 0.021284 -0.003545 0.089039 0.995794
86.900000000 86.239727 4.761478 -5.856996 0.021362 -0.003546 0.088972 0.995799
87.000000000 86.388128 4.787247 -5.864548 0.021462 -0.003696 0.088966 0.995797
87.100000000 86.537079 4.812986 -5.872158 0.021590 -0.003937 0.088979 0.995792
87.200000000 86.686491 4.838677 -5.879759 0.021696 -0.004235 0.088971 0.995789
87.300000000 86.836176 4.864268 -5.887002 0.021749 -0.004601 0.089007 0.995783
87.400000000 86.986106 4.889697 -5.894973 0.021757 -0.004985 0.089013 0.995780
87.500000000 87.136142 4.914893 -5.902600 0.021736 -0.005359 0.088910 0.995788
87.600000000 87.286119 4.940100 -5.910443 0.021670 -0.005756 0.088878 0.995790
87.700000000 87.435160 4.965237 -5.918107 0.021684 -0.005742 0.088862 0.995791
87.800000000 87.584533 4.990266 -5.926749 0.021684 -0.005836 0.088880 0.995789
87.900000000 87.734123 5.015103 -5.934480 0.021650 -0.006056 0.088893 0.995787
88.000000000 87.882810 5.039798 -5.940409 0.021634 -0.005923 0.088761 0.995800
88.100000000 88.031633 5.064557 -5.948359 0.021603 -0.005796 0.088764 0.995801
88.200000000 88.180467 5.089078 -5.956293 0.021570 -0.005662 0.088785 0.995801
88.300000000 88.329004 5.113497 -5.964214 0.021493 -0.005387 0.088843 0.995799
88.400000000 88.477215 5.137755 -5.970720 0.021393 -0.004939 0.088799 0.995808
88.500000000 88.625669 5.161846 -5.979077 0.021264 -0.004449 0.088609 0.995830
88.600000000 88.774254 5.186057 -5.987643 0.021091 -0.003953 0.088576 0.995838
88.700000000 88.922556 5.210282 -5.994264 0.020955 -0.003526 0.088625 0.995838
88.800000000 89.069806 5.234730 -6.002974 0.020885 -0.002811 0.088616 0.995843
88.900000000 89.220196 5.259475 -6.011694 0.020806 -0.002686 0.088609 0.995846
89.000000000 89.371383 5.284418 -6.020811 0.020742 -0.002772 0.088557 0.995851
89.100000000 89.523099 5.309757 -6.028998 0.020690 -0.003069 0.088519 0.995855
89.200000000 89.675858 5.335440 -6.038159 0.020690 -0.003498 0.088579 0.995848
89.300000000 89.829083 5.361219 -6.047615 0.020743 -0.004006 0.088581 0.995845
89.400000000 89.982630 5.387231 -6.056889 0.020774 -0.004573 0.088611 0.995839
89.500000000 90.136377 5.413398 -6.066539 0.020766 -0.005178 0.088706 0.995828
89.600000000 90.290124 5.439627 -6.076173 0.020713 -0.005774 0.088810 0.995816
89.700000000 90.443445 5.465955 -6.085679 0.020647 -0.006176 0.088824 0.995814
89.800000000 90.596008 5.492375 -6.093466 0.020609 -0.006340 0.088818 0.995814
89.900000000 90.748121 5.519010 -6.103163 0.020612 -0.006288 0.088839 0.995813
90.000000000 90.899566 5.545851 -6.111256 0.020658 -0.006078 0.088823 0.995815
90.100000000 91.050960 5.572995 -6.121078 0.020736 -0.005881 0.088809 0.995815
90.200000000 91.202354 5.600295 -6.128599 0.020838 -0.006008 0.088805 0.995813
90.300000000 91.354344 5.627787 -6.138567 0.020946 -0.006550 0.088860 0.995802
90.400000000 91.506245 5.655434 -6.149129 0.021112 -0.007460 0.088873 0.995791
90.500000000 91.658277 5.683124 -6.157661 0.021270 -0.008863 0.089013 0.995764
90.600000000 91.810101 5.710805 -6.166767 0.021399 -0.010682 0.089178 0.995729
90.700000000 91.960635 5.738290 -6.177605 0.021485 -0.012593 0.089280 0.995695
90.800000000 92.109246 5.765415 -6.186344 0.021472 -0.014315 0.089374 0.995664
90.900000000 92.255178 5.792276 -6.197144 0.021382 -0.015431 0.089429 0.995644
91.000000000 92.396865 5.818655 -6.207071 0.021298 -0.015478 0.089390 0.995649
91.100000000 92.534719 5.844750 -6.217364 0.021220 -0.014634 0.089362 0.995666
91.200000000 92.668969 5.870571 -6.227424 0.021138 -0.012866 0.089193 0.995707
91.300000000 92.800519 5.896191 -6.234787 0.021089 -0.010584 0.089008 0.995751
91.400000000 92.930707 5.921878 -6.244258 0.021083 -0.008210 0.088989 0.995776
91.500000000 93.060286 5.947647 -6.254313 0.021170 -0.006035 0.088937 0.995794
91.600000000 93.190048 5.973592 -6.264362 0.021327 -0.004191 0.088800 0.995812
91.700000000 93.320432 5.999737 -6.274406 0.021582 -0.002620 0.088792 0.995813
91.800000000 93.451973 6.025912 -6.283797 0.021860 -0.001508 0.088899 0.995800
91.900000000 93.585520 6.052050 -6.294321 0.022059 -0.001056 0.088928 0.995793
92.000000000 93.721495 6.077963 -6.304063 0.022081 -0.001439 0.088902 0.995795
92.100000000 93.859560 6.103668 -6.313445 0.021971 -0.002395 0.088662 0.995817
92.200000000 93.996414 6.129590 -6.325528 0.022005 -0.002576 0.088532 0.995827
92.300000000 94.134221 6.155253 -6.336272 0.022043 -0.002646 0.088463 0.995832
92.400000000 94.272930 6.180596 -6.345320 0.022014 -0.002700 0.088475 0.995831
92.500000000 94.412625 6.205846 -6.356657 0.021913 -0.002882 0.088486 0.995832
92.600000000 94.552979 6.230883 -6.367875 0.021756 -0.003051 0.088491 0.995835
92.700000000 94.693886 6.255843 -6.379015 0.021581 -0.003188 0.088322 0.995853
92.800000000 94.835198 6.280667 -6.388117 0.021406 -0.003210 0.088233 0.995865
92.900000000 94.977183 6.305747 -6.400292 0.021271 -0.003387 0.088183 0.995871
93.000000000 95.118394 6.330935 -6.412036 0.021159 -0.003354 0.088273 0.995866
93.100000000 95.262507 6.356053 -6.421995 0.020929 -0.004181 0.088261 0.995869
93.200000000 95.405917 6.381557 -6.434425 0.020705 -0.005092 0.088303 0.995865
93.300000000 95.550181 6.407072 -6.446060 0.020526 -0.006010 0.088269 0.995867
93.400000000 95.693793 6.432791 -6.456913 0.020362 -0.006798 0.088316 0.995861
93.500000000 95.837121 6.458752 -6.468610 0.020237 -0.007510 0.088279 0.995862
93.600000000 95.979594 6.484961 -6.479983 0.020146 -0.008073 0.088237 0.995863
93.700000000 96.120925 6.511409 -6.490457 0.020092 -0.008447 0.088317 0.995854
93.800000000 96.261377 6.538111 -6.500501 0.020079 -0.008809 0.088316 0.995851
93.900000000 96.401177 6.565180 -6.513469 0.020029 -0.009091 0.088369 0.995845
94.000000000 96.539653 6.592420 -6.525040 0.020029 -0.009250 0.088377 0.995843
94.100000000 96.676731 6.619873 -6.534525 0.020054 -0.009287 0.088402 0.995840
94.200000000 96.812720 6.647595 -6.545203 0.020119 -0.009196 0.088407 0.995839
94.300000000 96.947560 6.675629 -6.556851 0.020214 -0.008904 0.088425 0.995838
94.400000000 97.080796 6.703902 -6.568077 0.020430 -0.008184 0.088332 0.995848
94.500000000 97.212571 6.732387 -6.578043 0.020738 -0.007068 0.088348 0.995849
94.600000000 97.343727 6.760997 -6.588712 0.021109 -0.005780 0.088314 0.995852
94.700000000 97.474906 6.789691 -6.599424 0.021402 -0.004687 0.088411 0.995843
94.800000000 97.606883 6.818290 -6.611282 0.021609 -0.003927 0.088479 0.995836
94.900000000 97.739477 6.846718 -6.621172 0.021718 -0.003590 0.088502 0.995833
95.000000000 97.873112 6.875073 -6.632018 0.021729 -0.003580 0.088578 0.995826
95.100000000 98.007413 6.903258 -6.642581 0.021691 -0.003757 0.088591 0.995825
95.200000000 98.142198 6.931431 -6.653657 0.021635 -0.003947 0.088582 0.995826
95.300000000 98.277127 6.959567 -6.664484 0.021602 -0.004047 0.088565 0.995828
95.400000000 98.412236 6.987732 -6.675924 0.021604 -0.004009 0.088593 0.995825
95.500000000 98.547496 7.015822 -6.686768 0.021637 -0.003900 0.088558 0.995828
95.600000000 98.682851 7.043879 -6.696406 0.021684 -0.003746 0.088595 0.995825
95.700000000 98.818712 7.071928 -6.707015 0.021727 -0.003550 0.088624 0.995822
95.800000000 98.954983 7.099899 -6.716669 0.021788 -0.003341 0.088570 0.995826
95.900000000 99.091337 7.127852 -6.726973 0.021889 -0.002915 0.088594 0.995823
96.000000000 99.183062 7.151703 -6.648953 0.022142 -0.005640 0.088846 0.995783
96.100000000 99.320897 7.179516 -6.658510 0.022237 -0.005275 0.088940 0.995775
96.200000000 99.460250 7.207078 -6.668500 0.022261 -0.005258 0.089000 0.995769
96.300000000 99.600710 7.234541 -6.678728 0.022209 -0.005407 0.089025 0.995767
96.400000000 99.741629 7.261822 -6.686724 0.022174 -0.005530 0.088994 0.995770
96.500000000 99.883307 7.289172 -6.697726 0.022185 -0.005513 0.089029 0.995767
96.600000000 100.025563 7.316364 -6.707883 0.022223 -0.005465 0.089116 0.995758
96.700000000 100.168593 7.343391 -6.716484 0.022230 -0.005483 0.089180 0.995752
96.800000000 100.312479 7.370315 -6.726454 0.022217 -0.005524 0.089233 0.995748
96.900000000 100.457048 7.397132 -6.736781 0.022218 -0.005494 0.089298 0.995742
97.000000000 100.602171 7.423851 -6.747081 0.022235 -0.005303 0.089324 0.995740
97.100000000 100.747429 7.450456 -6.756029 0.022302 -0.004824 0.089389 0.995735
97.200000000 100.893401 7.476952 -6.766047 0.022443 -0.004103 0.089439 0.995731
97.300000000 101.040182 7.503357 -6.775588 0.022567 -0.003214 0.089531 0.995723
97.400000000 101.188130 7.529582 -6.786153 0.022684 -0.002211 0.089673 0.995710
97.500000000 101.337524 7.555576 -6.795542 0.022770 -0.001182 0.089769 0.995702
97.600000000 101.488635 7.581446 -6.806016 0.022842 0.000024 0.089838 0.995694
97.700000000 101.641193 7.607088 -6.814770 0.022975 0.001583 0.089871 0.995687
97.800000000 101.795794 7.632698 -6.825766 0.023183 0.003536 0.089947 0.995670
97.900000000 101.953003 7.658147 -6.835314 0.023415 0.005684 0.090040 0.995647
98.000000000 102.113638 7.683356 -6.844919 0.023659 0.007883 0.090062 0.995624
98.100000000 102.278431 7.708524 -6.854870 0.023877 0.009993 0.090152 0.995592
98.200000000 102.448146 7.733407 -6.864576 0.024058 0.011823 0.090177 0.995565
98.300000000 102.623485 7.758126 -6.874361 0.024192 0.013225 0.090188 0.995543
