41.800000000 -0.000000 -0.000000 -0.000000 0.000000 -0.000000 0.000000 1.000000
41.900000000 -0.004040 0.031751 -0.096445 -0.000843 -0.006491 0.002148 0.999976
42.000000000 0.010403 0.367434 -0.525461 -0.010379 -0.019556 0.007582 0.999726
42.100000000 0.024122 0.726081 -1.537443 -0.018296 -0.040505 0.015948 0.998884
42.200000000 0.069174 1.003844 -2.238608 -0.019577 -0.041080 0.016515 0.998828
42.300000000 0.091915 1.406835 -3.194017 -0.034617 -0.082458 0.033285 0.995437
42.400000000 0.146227 1.726654 -3.588803 -0.032964 -0.078925 0.031392 0.995841
42.500000000 0.204773 1.891761 -4.164317 -0.039401 -0.085906 0.035003 0.994908
42.600000000 0.212973 2.068951 -3.996611 -0.038018 -0.086451 0.033737 0.994959
42.700000000 0.228953 1.992575 -3.643954 -0.030000 -0.068209 0.026509 0.996868
42.800000000 0.304182 2.266994 -4.720383 -0.036158 -0.096251 0.038684 0.993948
42.900000000 0.360444 2.475537 -5.277748 -0.043040 -0.115303 0.046207 0.991321
43.000000000 0.309789 2.109693 -4.305223 -0.030092 -0.080369 0.030791 0.995835
43.100000000 0.372590 2.441920 -4.826748 -0.039308 -0.095141 0.037550 0.993978
43.200000000 0.481495 2.740250 -5.781812 -0.048529 -0.116838 0.047211 0.990841
43.300000000 0.611493 3.025683 -6.564709 -0.059060 -0.131943 0.055701 0.987927
43.400000000 0.507856 2.605717 -5.566485 -0.045363 -0.105698 0.042599 0.992449
43.500000000 0.610064 2.800556 -6.269568 -0.053200 -0.125700 0.051705 0.989291
43.600000000 0.673539 2.992637 -6.599010 -0.059274 -0.123164 0.052108 0.989243
43.700000000 0.446657 2.027892 -4.393050 -0.036112 -0.084187 0.032810 0.995255
43.800000000 0.413776 1.589325 -4.004766 -0.034912 -0.106430 0.041205 0.992852
43.900000000 0.380381 1.225184 -2.480815 -0.024603 -0.054098 0.019551 0.998041
44.000000000 0.411309 1.265995 -2.495262 -0.024354 -0.051627 0.018622 0.998196
44.100000000 0.425349 1.176378 -1.843575 -0.021165 -0.043554 0.015067 0.998713
44.200000000 0.425487 0.961322 -1.387251 -0.016693 -0.041631 0.013655 0.998900
44.300000000 0.429791 0.992608 -1.395949 -0.017262 -0.050533 0.016268 0.998441
44.400000000 0.461464 1.054097 -1.559181 -0.019286 -0.046754 0.014964 0.998608
44.500000000 0.488546 1.170014 -1.328994 -0.018754 -0.039710 0.012089 0.998962
44.600000000 0.475637 0.924002 -1.446716 -0.016982 -0.052962 0.016835 0.998310
44.700000000 0.503846 0.951671 -1.255624 -0.018601 -0.049841 0.015772 0.998459
44.800000000 0.525196 0.809956 -0.788880 -0.014742 -0.035709 0.010427 0.999199
44.900000000 0.540701 0.889543 -0.829135 -0.019312 -0.051075 0.016214 0.998376
45.000000000 0.561009 0.765758 -0.670627 -0.016267 -0.042476 0.012925 0.998881
45.100000000 0.561258 0.735779 -0.490974 -0.015956 -0.051854 0.015754 0.998403
45.200000000 0.592635 0.875106 -0.828096 -0.021763 -0.061509 0.020076 0.997667
45.300000000 0.586268 0.494433 -0.128935 -0.013184 -0.038147 0.010180 0.999133
45.400000000 0.609299 0.484335 -0.035265 -0.015649 -0.037371 0.009955 0.999129
45.500000000 0.610102 0.211253 0.514966 -0.009309 -0.026835 0.005348 0.999582
45.600000000 0.573259 -0.394446 1.930929 -0.007831 -0.027554 0.004961 0.999577
45.700000000 0.607517 -0.168426 1.672001 -0.010859 -0.032747 0.007353 0.999378
45.800000000 0.637361 -0.016383 1.196780 -0.010843 -0.029866 0.006118 0.999476
45.900000000 0.665755 0.153886 0.807414 -0.012880 -0.035416 0.008704 0.999252
46.000000000 0.698596 0.377235 0.397798 -0.014189 -0.036566 0.009633 0.999184
46.100000000 0.696160 0.224661 0.840909 -0.012051 -0.038033 0.009593 0.999158
46.200000000 0.723972 0.346934 0.843728 -0.014535 -0.046242 0.012987 0.998740
46.300000000 0.741001 0.507661 0.316715 -0.015741 -0.053415 0.016229 0.998316
46.400000000 0.743013 -0.028896 1.213997 -0.008081 -0.018612 0.002127 0.999792
46.500000000 0.762871 0.011950 1.412302 -0.008104 -0.023088 0.003938 0.999693
46.600000000 0.775548 0.127322 1.505502 -0.008090 -0.029640 0.006253 0.999508
46.700000000 0.783737 0.199916 1.367839 -0.010378 -0.036577 0.009178 0.999235
46.800000000 0.794280 0.138011 1.599724 -0.009128 -0.032871 0.007540 0.999389
46.900000000 0.773149 -0.627633 2.951440 0.002342 -0.004680 -0.004223 0.999977
47.000000000 0.770779 -0.753953 3.517728 0.001727 -0.005154 -0.004186 0.999976
47.100000000 0.792508 -0.590119 3.244473 0.000159 -0.006934 -0.003227 0.999971
47.200000000 0.811950 -0.507158 3.118638 0.000570 -0.004692 -0.003976 0.999981
47.300000000 0.822811 -0.435326 3.124625 -0.000312 -0.005823 -0.003583 0.999977
47.400000000 0.835432 -0.417987 3.109603 0.000470 -0.005235 -0.003669 0.999979
47.500000000 0.840132 -0.576503 3.642680 -0.000068 0.000605 -0.005630 0.999984
47.600000000 0.842948 -0.541808 3.601208 -0.000341 -0.003546 -0.004051 0.999985
47.700000000 0.832025 -0.623918 3.994519 -0.000356 -0.008988 -0.002424 0.999957
47.800000000 0.838237 -0.627392 3.979629 0.001603 -0.008224 -0.002719 0.999961
47.900000000 0.854638 -0.599861 4.024544 0.002561 -0.002506 -0.004760 0.999982
48.000000000 0.865308 -0.587008 4.108951 0.003597 -0.000881 -0.005146 0.999980
48.100000000 0.869818 -0.600553 4.123825 0.002985 -0.001746 -0.004597 0.999983
48.200000000 0.880714 -0.637970 4.327724 0.003670 0.004227 -0.006732 0.999962
48.300000000 0.885941 -0.596756 4.402753 0.003607 0.003425 -0.006350 0.999967
48.400000000 0.874977 -0.658052 4.650136 0.003694 -0.001401 -0.004823 0.999981
48.500000000 0.874784 -0.717543 5.031487 0.004996 0.000418 -0.005628 0.999972
48.600000000 0.878040 -0.623767 5.073429 0.003353 -0.004745 -0.003530 0.999977
48.700000000 0.881132 -0.666622 5.252870 0.005040 -0.000379 -0.005209 0.999974
48.800000000 0.865952 -0.747392 5.268952 0.005297 -0.005523 -0.003433 0.999965
48.900000000 0.858639 -0.828978 5.385974 0.007418 -0.004611 -0.003919 0.999954
49.000000000 0.853807 -0.994923 6.074414 0.009494 0.003765 -0.007142 0.999922
49.100000000 0.857510 -0.971462 6.235844 0.008863 0.002772 -0.006488 0.999936
49.200000000 0.850575 -0.859622 6.557516 0.006939 -0.007488 -0.002986 0.999943
49.300000000 0.848122 -1.058651 7.000033 0.010901 0.000759 -0.005826 0.999923
49.400000000 0.821944 -0.979050 7.307952 0.005080 -0.017138 0.000668 0.999840
49.500000000 0.803928 -1.316709 7.375736 0.011376 -0.004503 -0.004206 0.999916
49.600000000 0.828171 -1.091305 7.299499 0.009523 -0.000015 -0.005541 0.999939
49.700000000 0.853576 -0.909503 6.961278 0.008610 0.004921 -0.006546 0.999929
49.800000000 0.851834 -0.927229 7.130971 0.010874 0.007327 -0.007371 0.999887
49.900000000 0.825057 -1.270188 7.585904 0.016147 0.014338 -0.010472 0.999712
50.000000000 0.837685 -1.521948 8.084366 0.026416 0.028703 -0.015047 0.999126
50.100000000 0.787158 -1.594723 8.353973 0.022804 0.016990 -0.011726 0.999527
50.200000000 0.778146 -1.433325 8.623457 0.016040 0.013220 -0.010488 0.999729
50.300000000 0.766198 -1.472761 8.964731 0.016206 0.013984 -0.010745 0.999713
50.400000000 0.753072 -1.618933 9.052257 0.020277 0.015822 -0.011313 0.999605
50.500000000 0.733386 -1.780352 9.475084 0.023554 0.021837 -0.013759 0.999389
50.600000000 0.687550 -1.988940 9.838884 0.024050 0.021284 -0.014231 0.999383
50.700000000 0.651663 -2.137591 10.327418 0.024301 0.019371 -0.013850 0.999421
50.800000000 0.610018 -2.372589 10.859702 0.027022 0.023334 -0.015677 0.999240
50.900000000 0.568532 -2.574508 11.223533 0.028492 0.022918 -0.016131 0.999201
51.000000000 0.527409 -2.815960 11.855982 0.029399 0.025659 -0.017338 0.999088
51.100000000 0.491875 -2.971448 12.543609 0.031324 0.034452 -0.020864 0.998697
51.200000000 0.434761 -3.302780 12.940186 0.035323 0.036045 -0.021964 0.998484
51.300000000 0.359483 -3.480078 13.394706 0.036699 0.025511 -0.018892 0.998822
51.400000000 0.309904 -3.596644 13.730361 0.035624 0.022920 -0.018394 0.998933
51.500000000 0.286787 -3.854501 14.289777 0.039232 0.031445 -0.021430 0.998505
51.600000000 0.262333 -4.182967 14.848815 0.046251 0.045220 -0.026220 0.997561
51.700000000 0.254359 -4.479901 15.570855 0.041402 0.064036 -0.033047 0.996541
51.800000000 0.228399 -4.653142 15.943831 0.049962 0.062098 -0.031753 0.996313
51.900000000 0.247174 -4.802172 16.364812 0.046877 0.077999 -0.036858 0.995168
52.000000000 0.272129 -5.121797 16.934257 0.056371 0.091765 -0.040204 0.993371
52.100000000 0.368510 -5.295229 17.418473 0.051047 0.121337 -0.049559 0.990058
52.200000000 0.361687 -5.560376 17.781622 0.061960 0.123221 -0.048992 0.989231
52.300000000 0.498776 -5.785343 18.453707 0.072410 0.151627 -0.053619 0.984323
52.400000000 0.544737 -5.817662 18.482791 0.065088 0.165938 -0.060724 0.982110
52.500000000 0.714809 -6.152916 19.265547 0.078435 0.182878 -0.055421 0.978434
52.600000000 0.770339 -6.211988 19.403493 0.077353 0.194278 -0.058277 0.976154
52.700000000 0.471923 -5.442753 18.515894 0.065496 0.132969 -0.044719 0.987942
52.800000000 0.413443 -5.516951 18.529724 0.070895 0.124786 -0.042691 0.988726
52.900000000 0.417299 -5.409958 18.476002 0.065810 0.127129 -0.045243 0.988666
53.000000000 0.346253 -5.001719 17.970388 0.063688 0.114955 -0.041365 0.990464
53.100000000 0.329363 -4.920306 18.003277 0.064429 0.105313 -0.037486 0.991642
53.200000000 0.380445 -5.123311 18.297412 0.049911 0.130486 -0.049445 0.988958
53.300000000 0.421589 -5.178818 18.477101 0.063395 0.140268 -0.049822 0.986825
53.400000000 0.473386 -5.271563 18.931616 0.076317 0.134358 -0.041151 0.987132
53.500000000 0.409856 -5.192429 18.826220 0.063330 0.127306 -0.042887 0.988910
53.600000000 0.458002 -5.282645 19.002338 0.058685 0.139808 -0.046855 0.987327
53.700000000 0.467972 -5.305914 19.209130 0.062239 0.139956 -0.045051 0.987172
53.800000000 0.477693 -5.375595 19.170745 0.065983 0.142903 -0.044272 0.986542
53.900000000 0.498062 -5.365842 19.322074 0.055288 0.140790 -0.043101 0.987554
54.000000000 0.664347 -5.555311 19.721898 0.077757 0.165748 -0.041905 0.982204
54.100000000 0.822372 -5.691177 20.142450 0.074956 0.189356 -0.045132 0.978003
54.200000000 0.908730 -5.780691 20.373566 0.078792 0.193315 -0.038588 0.977206
54.300000000 1.006806 -5.884217 20.617314 0.076960 0.204165 -0.041649 0.975018
54.400000000 1.043028 -5.950863 20.820058 0.074774 0.208902 -0.043380 0.974108
54.500000000 1.186210 -6.171950 21.193343 0.084291 0.223659 -0.041459 0.970130
54.600000000 1.357150 -6.352467 21.549763 0.092390 0.240075 -0.037722 0.965611
54.700000000 1.528009 -6.514857 21.765254 0.106879 0.259080 -0.034348 0.959309
54.800000000 1.662799 -6.595152 22.015642 0.104383 0.268996 -0.034194 0.956858
54.900000000 1.938136 -6.838562 22.336475 0.121128 0.290548 -0.024523 0.948846
55.000000000 2.075630 -6.900467 22.505711 0.119004 0.303851 -0.029791 0.944788
55.100000000 1.425141 -5.946456 21.600659 0.092284 0.242250 -0.030291 0.965340
55.200000000 -0.043188 -3.065205 18.001046 -0.060112 0.031062 -0.018030 0.997545
55.300000000 -0.053392 -3.045935 17.980756 -0.060017 0.031910 -0.018909 0.997508
55.400000000 -0.041741 -1.992684 16.336968 0.010456 -0.020193 0.001579 0.999740
55.500000000 0.143629 -3.366405 17.624632 0.103364 0.077421 -0.024191 0.991331
55.600000000 0.712263 -4.516995 20.006659 0.084432 0.155864 -0.018533 0.983989
55.700000000 0.660466 -4.633911 20.379732 0.082980 0.139436 -0.015103 0.986632
55.800000000 0.827262 -4.821574 20.707966 0.094165 0.160400 -0.014851 0.982438
55.900000000 0.983326 -4.961552 21.070238 0.097376 0.181498 -0.017546 0.978401
56.000000000 1.169739 -5.100122 21.415800 0.098462 0.206954 -0.021933 0.973136
56.100000000 1.254854 -5.086813 21.666869 0.096443 0.216721 -0.024846 0.971140
56.200000000 1.165203 -5.218757 21.620944 0.098876 0.202171 -0.018174 0.974177
56.300000000 1.325988 -5.340157 21.818412 0.106347 0.222055 -0.019114 0.969029
56.400000000 1.343596 -5.438417 21.850547 0.109571 0.224114 -0.016949 0.968236
56.500000000 1.456291 -5.550006 21.946445 0.128397 0.360918 -0.029566 0.923243
56.600000000 1.669788 -5.798764 22.413796 0.140484 0.260093 -0.009661 0.955261
56.700000000 1.553846 -5.633677 22.260705 0.125812 0.329719 -0.022303 0.935393
56.800000000 1.813684 -5.900363 22.787551 0.137651 0.271374 -0.012440 0.952499
56.900000000 1.767721 -5.918906 22.766561 0.137325 0.283159 -0.014897 0.949074
57.000000000 1.966821 -6.025289 23.059480 0.137140 0.281907 -0.015383 0.949465
57.100000000 1.935611 -6.083573 22.955199 0.146572 0.294474 -0.013168 0.944261
57.200000000 1.871816 -5.907183 22.964137 0.136010 0.274216 -0.013157 0.951911
57.300000000 2.010709 -6.121546 23.081784 0.145599 0.304180 -0.015738 0.941290
57.400000000 2.111135 -6.162195 23.325099 0.143724 0.308571 -0.018764 0.940093
57.500000000 1.969829 -6.039586 23.261167 0.141568 0.286309 -0.013505 0.947525
57.600000000 2.103870 -6.059663 23.446648 0.140040 0.301542 -0.017034 0.942959
57.700000000 2.127248 -6.231172 23.437343 0.152218 0.294524 -0.010243 0.943388
57.800000000 2.169793 -6.220709 23.501029 0.151356 0.299719 -0.010533 0.941886
57.900000000 2.187422 -6.173751 23.601937 0.150103 0.298111 -0.009991 0.942602
58.000000000 2.134714 -5.938163 23.607594 0.141761 0.297075 -0.014052 0.944168
58.100000000 1.855242 -5.610808 23.341682 0.139812 0.274089 -0.012642 0.951403
58.200000000 1.461880 -4.934849 23.140439 0.129604 0.235653 -0.011284 0.963090
58.300000000 1.142832 -4.152143 22.629955 0.111822 0.190483 -0.003979 0.975293
58.400000000 1.114668 -4.164906 22.927950 0.114653 0.171082 0.006836 0.978539
58.500000000 1.207689 -3.847655 22.841247 0.113222 0.186739 0.002951 0.975859
58.600000000 0.909590 -2.981165 23.104079 0.069647 0.139978 -0.005045 0.987689
58.700000000 0.812567 -2.744062 23.913820 -0.010695 0.123314 -0.013019 0.992225
58.800000000 0.894535 -2.699040 23.849776 -0.009081 0.131062 -0.013958 0.991234
58.900000000 0.963429 -2.633266 24.128488 -0.011088 0.140293 -0.017478 0.989894
59.000000000 0.942443 -2.641125 24.158916 -0.010641 0.137415 -0.016259 0.990323
59.100000000 0.961696 -2.619774 24.155971 -0.009878 0.140002 -0.016845 0.989959
59.200000000 0.980377 -2.542307 24.290297 -0.011874 0.142940 -0.018482 0.989488
59.300000000 0.993177 -2.536882 24.420470 -0.013142 0.140789 -0.016637 0.989813
59.400000000 0.994529 -2.531238 24.469697 -0.013450 0.140542 -0.016313 0.989849
59.500000000 1.005207 -2.562386 24.655476 -0.013283 0.133745 -0.013755 0.990831
59.600000000 1.043134 -2.518725 24.605010 -0.011539 0.141665 -0.016200 0.989715
59.700000000 1.140742 -2.463563 24.964607 -0.013406 0.151534 -0.019918 0.988160
59.800000000 1.076218 -2.493194 24.878839 -0.012052 0.142550 -0.016673 0.989574
59.900000000 1.081078 -2.500590 24.973957 -0.011647 0.140791 -0.015693 0.989846
60.000000000 1.125847 -2.461533 25.005782 -0.011542 0.145844 -0.016866 0.989096
60.100000000 1.131281 -2.442022 25.100830 -0.010702 0.147723 -0.018231 0.988803
60.200000000 1.120535 -2.442169 25.163593 -0.011307 0.144519 -0.016870 0.989294
60.300000000 1.129969 -2.350712 25.197769 -0.013390 0.144750 -0.017165 0.989229
60.400000000 1.176438 -2.382618 25.420344 -0.013761 0.144800 -0.016462 0.989228
60.500000000 1.236560 -2.321494 25.623328 -0.015205 0.154817 -0.020411 0.987615
60.600000000 1.280578 -2.329363 25.742517 -0.015356 0.155061 -0.019231 0.987598
60.700000000 1.318285 -2.328923 25.840012 -0.015339 0.156577 -0.019643 0.987351
60.800000000 1.133618 -2.341402 25.535174 -0.012395 0.140855 -0.015936 0.989824
60.900000000 0.960758 -2.361906 25.315564 -0.012063 0.119980 -0.008987 0.992662
61.000000000 1.064417 -2.326273 25.504344 -0.011670 0.130747 -0.012400 0.991269
61.100000000 1.124269 -2.306703 25.681385 -0.012045 0.137260 -0.014795 0.990351
61.200000000 0.798656 -1.814815 25.239143 -0.030029 0.093990 -0.005155 0.995107
61.300000000 0.956732 -1.791971 25.331556 -0.027922 0.112923 -0.009523 0.993166
61.400000000 0.757469 -1.468730 25.233904 -0.040805 0.069169 0.004452 0.996760
61.500000000 0.621018 -1.623133 25.140456 -0.036674 0.036880 0.015646 0.998524
61.600000000 0.350575 -0.078249 24.349547 -0.240441 0.014398 0.010249 0.970503
61.700000000 0.468133 1.439605 21.758355 -0.312935 0.067646 -0.038308 0.946588
61.800000000 0.421857 2.531428 20.176141 -0.470843 0.044000 -0.017907 0.880937
61.900000000 0.432249 2.527537 20.149237 -0.469671 0.045603 -0.019619 0.881445
62.000000000 0.423143 2.519064 20.146797 -0.469132 0.041922 -0.015370 0.881998
62.100000000 0.442641 2.891130 20.393146 -0.471413 0.039135 -0.012130 0.880961
62.200000000 0.469764 2.984862 20.445946 -0.470112 0.044751 -0.018924 0.881268
62.300000000 0.465965 2.952471 20.442346 -0.469065 0.043007 -0.016971 0.881952
62.400000000 0.497412 3.195963 20.572158 -0.469146 0.045510 -0.019853 0.881724
62.500000000 0.511451 3.406017 20.730656 -0.469576 0.044133 -0.018233 0.881600
62.600000000 0.506372 3.375329 20.765113 -0.468333 0.042439 -0.016477 0.882378
62.700000000 0.535506 3.533620 20.828550 -0.468367 0.046224 -0.020707 0.882081
62.800000000 0.539083 3.755360 20.983721 -0.469480 0.041424 -0.015420 0.881836
62.900000000 0.552326 3.816413 21.041330 -0.468588 0.042891 -0.017151 0.882208
63.000000000 0.576707 3.966091 21.110575 -0.468060 0.045899 -0.020595 0.882264
63.100000000 0.590635 4.073410 21.195977 -0.467869 0.046317 -0.021122 0.882331
63.200000000 0.600881 4.192561 21.303102 -0.467648 0.045600 -0.020255 0.882505
63.300000000 0.614208 4.298616 21.385238 -0.467343 0.046671 -0.021584 0.882579
63.400000000 0.628960 4.373016 21.421607 -0.466601 0.045832 -0.020588 0.883040
63.500000000 0.634305 4.490563 21.523878 -0.466198 0.043821 -0.018507 0.883400
63.600000000 0.662011 4.650002 21.609593 -0.466261 0.048165 -0.023365 0.883026
63.700000000 0.653183 4.732108 21.701839 -0.466531 0.042155 -0.016483 0.883346
63.800000000 0.648267 4.770413 21.761939 -0.465181 0.039333 -0.013590 0.884237
63.900000000 0.666025 4.936089 21.850632 -0.465397 0.039185 -0.013378 0.884133
64.000000000 0.669482 4.975750 21.899294 -0.465522 0.036893 -0.010711 0.884202
64.100000000 0.684597 5.118552 22.001468 -0.465518 0.035024 -0.008579 0.884303
64.200000000 0.694972 5.202220 22.089335 -0.465282 0.033976 -0.007382 0.884479
64.300000000 0.708179 5.351325 22.214496 -0.465603 0.032539 -0.005913 0.884376
64.400000000 0.715170 5.437349 22.255826 -0.464887 0.031185 -0.004294 0.884810
64.500000000 0.734793 5.534498 22.315717 -0.463859 0.034782 -0.008465 0.885186
64.600000000 0.746847 5.668656 22.449060 -0.465144 0.034183 -0.007746 0.884541
64.700000000 0.757458 5.792383 22.570857 -0.464620 0.034446 -0.008161 0.884802
64.800000000 0.765058 5.922366 22.647440 -0.465328 0.033131 -0.006548 0.884494
64.900000000 0.771793 6.010309 22.716555 -0.465049 0.032926 -0.006427 0.884649
65.000000000 0.783424 6.134515 22.805837 -0.464549 0.033530 -0.007146 0.884883
65.100000000 0.796421 6.282298 22.922698 -0.465934 0.034280 -0.007871 0.884120
65.200000000 0.811031 6.403426 23.006628 -0.465275 0.035144 -0.008893 0.884424
65.300000000 0.825524 6.530655 23.099892 -0.464812 0.036962 -0.010964 0.884570
65.400000000 0.830456 6.656262 23.202639 -0.466402 0.034685 -0.008338 0.883853
65.500000000 0.846307 6.791353 23.294444 -0.466958 0.035960 -0.009835 0.883493
65.600000000 0.855116 6.889898 23.391909 -0.466424 0.036451 -0.010503 0.883747
65.700000000 0.871876 7.045917 23.447241 -0.466429 0.036459 -0.010491 0.883744
65.800000000 0.875462 7.158848 23.524766 -0.467214 0.034834 -0.008450 0.883417
65.900000000 0.886273 7.333563 23.667953 -0.468729 0.035007 -0.008486 0.882608
66.000000000 0.901362 7.502070 23.853029 -0.469995 0.037391 -0.011186 0.881806
66.100000000 0.902171 7.583993 23.912354 -0.468153 0.036099 -0.009844 0.882855
66.200000000 0.908099 7.684621 23.961455 -0.469823 0.033404 -0.006581 0.882104
66.300000000 0.912228 7.814484 24.095582 -0.470481 0.029343 -0.001898 0.881920
66.400000000 0.916329 7.948501 24.222939 -0.471666 0.027614 0.000334 0.881345
66.500000000 0.911377 8.050406 24.305279 -0.472879 0.023522 0.005407 0.880797
66.600000000 0.919006 8.148262 24.378209 -0.472554 0.021548 0.007877 0.881003
66.700000000 0.924923 8.232112 24.530279 -0.472899 0.009600 0.021559 0.880800
66.800000000 0.946857 8.386109 24.642426 -0.473814 0.012764 0.018244 0.880344
66.900000000 0.983675 8.475300 25.097322 -0.467893 -0.006493 0.040139 0.882849
67.000000000 0.415802 8.183952 24.603436 -0.463942 -0.094741 0.038361 0.879949
67.100000000 0.406281 8.402062 24.735792 -0.464102 -0.086040 0.029191 0.881110
67.200000000 0.983534 8.878423 25.508611 -0.470716 -0.013851 0.049977 0.880759
67.300000000 0.466525 8.355923 24.856329 -0.465753 -0.121186 0.071804 0.873631
67.400000000 0.471577 8.483320 24.907304 -0.464889 -0.111500 0.060749 0.876217
67.500000000 0.578816 8.523714 25.016844 -0.464373 -0.131482 0.085205 0.871671
67.600000000 0.609036 8.778935 25.137939 -0.464664 -0.124705 0.077926 0.873192
67.700000000 1.169373 9.216721 25.582601 -0.448292 0.027334 0.007881 0.893435
67.800000000 1.199913 9.396402 25.743719 -0.449598 0.026246 0.009787 0.892792
67.900000000 1.096342 9.456115 25.943437 -0.453013 0.002631 0.037656 0.890704
68.000000000 0.655839 9.034953 25.542556 -0.464549 -0.141212 0.106332 0.867725
68.100000000 0.430578 8.971132 25.040585 -0.462187 -0.111089 0.085048 0.875676
68.200000000 0.259941 9.145760 24.999930 -0.371594 -0.139194 0.012290 0.917819
68.300000000 0.163183 8.839328 25.419479 -0.439518 -0.247544 0.047020 0.862169
68.400000000 -0.238295 8.712906 26.007739 -0.477527 -0.313890 0.019174 0.820410
68.500000000 -0.041637 8.114681 25.956593 -0.507861 -0.336288 0.048098 0.791628
68.600000000 0.332951 7.571333 25.625622 -0.513130 -0.372185 0.091999 0.767927
68.700000000 0.794896 6.344803 25.343366 -0.415709 -0.450113 -0.030175 0.789730
68.800000000 0.773505 6.324801 25.330536 -0.417631 -0.455446 -0.023929 0.785863
68.900000000 0.505121 6.546296 25.408627 -0.418137 -0.452039 -0.029050 0.787387
69.000000000 0.312606 6.694150 25.471442 -0.418656 -0.450309 -0.031460 0.788010
69.100000000 0.154285 6.810462 25.528193 -0.419662 -0.449934 -0.031965 0.787668
69.200000000 0.017248 6.928686 25.572496 -0.420344 -0.449262 -0.032724 0.787657
69.300000000 -0.133620 7.050171 25.634226 -0.421131 -0.448030 -0.033332 0.787913
69.400000000 -0.264207 7.128791 25.673028 -0.422770 -0.449865 -0.031044 0.786081
69.500000000 -0.417809 7.290710 25.754850 -0.422672 -0.445406 -0.034419 0.788529
69.600000000 -0.559010 7.402477 25.806130 -0.423441 -0.445092 -0.034697 0.788281
69.700000000 -0.709545 7.534921 25.887710 -0.424128 -0.442761 -0.035722 0.789178
69.800000000 -0.878101 7.691319 25.969278 -0.424533 -0.439906 -0.038004 0.790450
69.900000000 -1.115231 8.285386 26.390739 -0.419215 -0.400408 -0.063693 0.812327
70.000000000 -0.839735 8.341253 26.849551 -0.423742 -0.252083 -0.041263 0.869019
70.100000000 -1.324846 8.422878 26.471843 -0.421022 -0.405013 -0.058968 0.809462
70.200000000 -1.469013 8.562720 26.553320 -0.421845 -0.404362 -0.059602 0.809312
70.300000000 -1.598361 8.801337 26.732796 -0.421350 -0.394239 -0.065705 0.814078
70.400000000 -1.737399 9.082488 26.969158 -0.418745 -0.377854 -0.074351 0.822405
70.500000000 -1.068616 8.583293 27.229480 -0.455792 -0.275587 -0.020010 0.846112
70.600000000 -1.789205 8.903316 26.872423 -0.427640 -0.404402 -0.048295 0.807001
70.700000000 -1.887287 9.042947 26.975628 -0.427622 -0.399589 -0.050361 0.809279
70.800000000 -1.987420 9.184379 27.051689 -0.427330 -0.397577 -0.052040 0.810317
70.900000000 -2.065750 9.244928 27.118892 -0.429485 -0.401509 -0.047276 0.807526
71.000000000 -2.208024 9.433177 27.243128 -0.428713 -0.396510 -0.052355 0.810089
71.100000000 -2.276082 9.544770 27.324876 -0.429084 -0.395214 -0.052284 0.810531
71.200000000 -2.397537 9.725154 27.444255 -0.429020 -0.390524 -0.056002 0.812586
71.300000000 -2.413553 9.777256 27.475100 -0.428970 -0.391044 -0.052585 0.812591
71.400000000 -2.539832 9.941074 27.548410 -0.429449 -0.390611 -0.052846 0.812529
71.500000000 -2.675598 10.132470 27.652060 -0.429463 -0.387573 -0.056222 0.813749
71.600000000 -2.806536 10.283455 27.737817 -0.430410 -0.387196 -0.056529 0.813407
71.700000000 -2.931162 10.432342 27.808660 -0.430389 -0.385455 -0.058084 0.814135
71.800000000 -3.007635 10.564766 27.865871 -0.430014 -0.382784 -0.059823 0.815467
71.900000000 -3.126367 10.718127 27.948346 -0.429572 -0.380149 -0.061909 0.816775
72.000000000 -3.251638 10.888289 28.030797 -0.429233 -0.377412 -0.064230 0.818043
72.100000000 -3.423124 11.142858 28.177106 -0.428130 -0.370161 -0.071471 0.821326
72.200000000 -3.590781 11.371327 28.319201 -0.428367 -0.364859 -0.075761 0.823189
72.300000000 -3.672690 11.512056 28.399249 -0.427936 -0.362284 -0.076972 0.824437
72.400000000 -3.758924 11.671169 28.511395 -0.427378 -0.357996 -0.079594 0.826348
72.500000000 -3.873662 11.821051 28.611993 -0.427733 -0.356636 -0.079868 0.826726
72.600000000 -3.977773 11.981003 28.717205 -0.427540 -0.353937 -0.081364 0.827839
72.700000000 -4.051614 12.116343 28.808869 -0.427044 -0.351397 -0.081841 0.829129
72.800000000 -4.161231 12.217359 28.879559 -0.428689 -0.352719 -0.079351 0.827960
72.900000000 -4.302004 12.378541 28.993561 -0.429255 -0.352439 -0.079639 0.827758
73.000000000 -4.410935 12.554438 29.112853 -0.428945 -0.349865 -0.082298 0.828751
73.100000000 -4.488524 12.670115 29.188895 -0.429224 -0.349767 -0.081197 0.828756
73.200000000 -4.563919 12.785678 29.255209 -0.429162 -0.349006 -0.081323 0.829097
73.300000000 -4.680716 12.971833 29.392783 -0.429180 -0.345309 -0.083866 0.830381
73.400000000 -4.747192 13.103455 29.474525 -0.429260 -0.342943 -0.084472 0.831258
73.500000000 -4.737052 13.205651 29.568181 -0.428731 -0.335216 -0.085050 0.834617
73.600000000 -4.818051 13.310729 29.625310 -0.429307 -0.336366 -0.083598 0.834005
73.700000000 -4.779439 13.348006 29.618796 -0.427864 -0.332769 -0.083410 0.836205
73.800000000 -4.815871 13.460533 29.677493 -0.427001 -0.328858 -0.085127 0.838019
73.900000000 -4.882100 13.571756 29.739332 -0.426829 -0.327738 -0.085040 0.838554
74.000000000 -4.954288 13.683030 29.807108 -0.427346 -0.328079 -0.083735 0.838289
74.100000000 -4.978721 13.760538 29.858178 -0.427798 -0.327573 -0.082031 0.838425
74.200000000 -4.999607 13.890745 29.943224 -0.426803 -0.319912 -0.084422 0.841646
74.300000000 -5.072291 14.013857 30.016047 -0.426589 -0.318194 -0.084680 0.842380
74.400000000 -5.129139 14.082700 30.064928 -0.427611 -0.321369 -0.080707 0.841045
74.500000000 -5.184900 14.178544 30.122063 -0.427723 -0.321369 -0.079655 0.841089
74.600000000 -5.257890 14.318996 30.221840 -0.427728 -0.318249 -0.080440 0.842197
74.700000000 -5.327936 14.468926 30.334543 -0.427613 -0.313858 -0.081702 0.843780
74.800000000 -5.425341 14.587966 30.422451 -0.428954 -0.316041 -0.079382 0.842505
74.900000000 -5.506576 14.709253 30.519873 -0.429996 -0.317294 -0.077327 0.841694
75.000000000 -5.583162 14.832755 30.606499 -0.430334 -0.316803 -0.076706 0.841763
75.100000000 -5.666696 14.955376 30.691331 -0.431620 -0.317820 -0.075493 0.840830
75.200000000 -5.792610 15.093198 30.806429 -0.433065 -0.321048 -0.072361 0.839135
75.300000000 -5.885169 15.222801 30.899092 -0.433899 -0.322063 -0.070984 0.838432
75.400000000 -5.970092 15.340253 30.977417 -0.434785 -0.323408 -0.069425 0.837585
75.500000000 -6.026049 15.434679 31.041491 -0.435879 -0.325362 -0.067118 0.836447
75.600000000 -6.146072 15.603511 31.161733 -0.436415 -0.325139 -0.067357 0.836235
75.700000000 -6.236666 15.734716 31.270067 -0.437380 -0.325972 -0.065442 0.835558
75.800000000 -6.301995 15.845965 31.352397 -0.437621 -0.326569 -0.063801 0.835326
75.900000000 -6.371871 15.960616 31.430022 -0.437642 -0.327284 -0.062691 0.835119
76.000000000 -6.481343 16.109946 31.561578 -0.438973 -0.328909 -0.060397 0.833951
76.100000000 -6.579225 16.252654 31.679998 -0.440115 -0.329805 -0.059184 0.833081
76.200000000 -6.636032 16.354155 31.744709 -0.440293 -0.330665 -0.057760 0.832746
76.300000000 -6.722190 16.499920 31.847231 -0.440850 -0.329661 -0.057927 0.832838
76.400000000 -6.809364 16.648059 31.951089 -0.441800 -0.329127 -0.058092 0.832534
76.500000000 -6.858439 16.752676 32.028315 -0.442270 -0.329314 -0.056739 0.832304
76.600000000 -6.992568 16.938495 32.185696 -0.444102 -0.329972 -0.055565 0.831146
76.700000000 -7.039502 17.046960 32.244129 -0.444269 -0.329439 -0.055157 0.831296
76.800000000 -7.100682 17.164741 32.350237 -0.445255 -0.331576 -0.052444 0.830093
76.900000000 -7.143143 17.266743 32.381830 -0.444706 -0.330386 -0.053599 0.830788
77.000000000 -7.188435 17.382434 32.449974 -0.444874 -0.329750 -0.053449 0.830960
77.100000000 -7.328781 17.582496 32.639089 -0.447066 -0.331303 -0.051501 0.829288
77.200000000 -7.400796 17.712895 32.728420 -0.447128 -0.331289 -0.051511 0.829259
77.300000000 -7.485120 17.842871 32.826992 -0.447752 -0.331717 -0.050569 0.828809
77.400000000 -7.553698 17.954701 32.919547 -0.447968 -0.332495 -0.048822 0.828485
77.500000000 -7.624996 18.104552 33.034026 -0.448370 -0.332010 -0.048917 0.828457
77.600000000 -7.670902 18.218933 33.118760 -0.448326 -0.332378 -0.047652 0.828407
77.700000000 -7.787775 18.391139 33.245051 -0.448345 -0.329914 -0.049345 0.829282
77.800000000 -7.858338 18.539906 33.364614 -0.448757 -0.329609 -0.048996 0.829201
77.900000000 -7.928230 18.666096 33.452946 -0.449278 -0.329640 -0.048751 0.828921
78.000000000 -7.976159 18.776143 33.526721 -0.450106 -0.329743 -0.047351 0.828512
78.100000000 -8.078409 18.960248 33.677010 -0.450568 -0.328862 -0.048271 0.828558
78.200000000 -8.124187 19.061747 33.754566 -0.451130 -0.330532 -0.046061 0.827713
78.300000000 -8.214595 19.205347 33.857626 -0.451461 -0.331068 -0.045527 0.827348
78.400000000 -8.271051 19.334130 33.944872 -0.451627 -0.330709 -0.045833 0.827384
78.500000000 -8.287571 19.429856 33.972568 -0.451586 -0.329254 -0.046315 0.827960
78.600000000 -8.418419 19.637764 34.119330 -0.451667 -0.325937 -0.049653 0.829034
78.700000000 -8.487413 19.755374 34.243742 -0.452953 -0.328046 -0.046443 0.827685
78.800000000 -8.523921 19.874873 34.316989 -0.453236 -0.326740 -0.046972 0.828017
78.900000000 -8.593046 19.986272 34.375808 -0.453212 -0.326276 -0.046938 0.828214
79.000000000 -8.622517 20.095914 34.444483 -0.452895 -0.325091 -0.047275 0.828835
79.100000000 -8.723315 20.261452 34.603178 -0.454224 -0.326647 -0.045611 0.827588
79.200000000 -8.838814 20.429504 34.776139 -0.456010 -0.329057 -0.042836 0.825797
79.300000000 -8.913123 20.571787 34.907160 -0.455993 -0.330628 -0.041347 0.825255
79.400000000 -8.963815 20.688431 34.985146 -0.456185 -0.330547 -0.040903 0.825204
79.500000000 -8.966137 20.747956 35.012036 -0.456360 -0.331391 -0.039186 0.824851
79.600000000 -9.001355 20.823742 35.058238 -0.457693 -0.338862 -0.035530 0.821235
79.700000000 -9.112005 21.012020 35.184878 -0.457547 -0.331510 -0.039289 0.824141
79.800000000 -9.143285 21.142706 35.246798 -0.457042 -0.328576 -0.041340 0.825494
79.900000000 -9.201062 21.253555 35.340634 -0.457594 -0.329531 -0.039084 0.824918
80.000000000 -9.225807 21.347373 35.390755 -0.457377 -0.327984 -0.039562 0.825631
80.100000000 -9.296945 21.480224 35.499434 -0.458316 -0.327866 -0.038625 0.825202
80.200000000 -9.457560 21.714665 35.756489 -0.460791 -0.330736 -0.036804 0.822758
80.300000000 -9.462700 21.787548 35.764514 -0.460177 -0.329060 -0.037253 0.823753
80.400000000 -9.506605 21.872033 35.761117 -0.459732 -0.330117 -0.038463 0.823523
80.500000000 -9.497978 21.911021 35.772863 -0.460550 -0.332348 -0.034788 0.822331
80.600000000 -9.539399 22.020000 35.854451 -0.460750 -0.331776 -0.034451 0.822464
80.700000000 -9.665404 22.212616 36.032943 -0.461761 -0.330848 -0.034454 0.822271
80.800000000 -9.740808 22.381643 36.170791 -0.461893 -0.328885 -0.035675 0.822932
80.900000000 -9.747995 22.460634 36.204091 -0.461427 -0.328722 -0.034332 0.823316
81.000000000 -9.793714 22.597962 36.277456 -0.460710 -0.324687 -0.036680 0.825215
81.100000000 -9.848499 22.722871 36.371967 -0.460710 -0.322914 -0.036819 0.825904
81.200000000 -9.949755 22.846638 36.526866 -0.462684 -0.329786 -0.031788 0.822286
81.300000000 -9.966318 22.904207 36.567444 -0.463045 -0.332044 -0.028709 0.821287
81.400000000 -10.063820 23.079964 36.725422 -0.463875 -0.329410 -0.029471 0.821852
81.500000000 -10.093854 23.176353 36.774515 -0.463554 -0.328548 -0.029720 0.822369
81.600000000 -10.130049 23.280988 36.832660 -0.463058 -0.327210 -0.029950 0.823173
81.700000000 -10.153980 23.350616 36.875996 -0.463611 -0.330613 -0.026947 0.821604
81.800000000 -10.201731 23.436832 36.938030 -0.464144 -0.333062 -0.024754 0.820383
81.900000000 -10.313605 23.627946 37.111880 -0.465028 -0.331161 -0.025773 0.820620
82.000000000 -10.342886 23.715171 37.179800 -0.465520 -0.331651 -0.023509 0.820211
82.100000000 -10.418789 23.867996 37.285655 -0.465212 -0.328268 -0.025589 0.821683
82.200000000 -10.450886 23.982229 37.332663 -0.464347 -0.326150 -0.027134 0.822965
82.300000000 -10.466795 24.038546 37.373356 -0.465439 -0.326962 -0.025239 0.822086
82.400000000 -10.530738 24.151092 37.495127 -0.467066 -0.329163 -0.021550 0.820388
82.500000000 -10.614152 24.308375 37.649931 -0.467954 -0.328794 -0.020716 0.820052
82.600000000 -10.649429 24.431026 37.703051 -0.466562 -0.326032 -0.023231 0.821878
82.700000000 -10.688629 24.510522 37.797817 -0.467085 -0.329238 -0.018760 0.820416
82.800000000 -10.730337 24.625110 37.866358 -0.467009 -0.326943 -0.020099 0.821345
82.900000000 -10.820048 24.774245 37.999489 -0.467005 -0.326393 -0.020140 0.821565
83.000000000 -10.914037 24.865048 38.084253 -0.468334 -0.334451 -0.015943 0.817650
83.100000000 -10.956479 24.975293 38.153578 -0.469836 -0.332936 -0.016273 0.817400
83.200000000 -10.946375 25.043726 38.163876 -0.468428 -0.333899 -0.013063 0.817873
83.300000000 -10.985751 25.157535 38.233260 -0.468790 -0.331806 -0.014552 0.818492
83.400000000 -11.021755 25.250636 38.313588 -0.470357 -0.334064 -0.010627 0.816733
83.500000000 -11.117049 25.409041 38.469333 -0.470058 -0.331095 -0.012285 0.818089
83.600000000 -11.157335 25.511703 38.550904 -0.470446 -0.330581 -0.011745 0.818083
83.700000000 -11.176689 25.620220 38.607172 -0.470793 -0.332405 -0.007783 0.817191
83.800000000 -11.205647 25.715013 38.659466 -0.470756 -0.332707 -0.006197 0.817102
83.900000000 -11.260368 25.799191 38.726165 -0.469884 -0.331907 -0.007598 0.817917
84.000000000 -11.307755 25.863020 38.804800 -0.468874 -0.330858 -0.008056 0.818917
84.100000000 -11.368579 25.937708 38.911743 -0.467429 -0.331440 -0.006477 0.819522
84.200000000 -11.410197 26.051222 38.973309 -0.467623 -0.332555 -0.004544 0.818972
84.300000000 -11.452498 26.168444 39.042700 -0.468218 -0.333270 -0.002567 0.818350
84.400000000 -11.497319 26.217053 39.129752 -0.467326 -0.332423 -0.002289 0.819205
84.500000000 -11.550735 26.346640 39.210550 -0.467564 -0.332292 -0.001199 0.819124
84.600000000 -11.608771 26.485507 39.299928 -0.467555 -0.333139 0.000865 0.818786
84.700000000 -11.651237 26.551644 39.381266 -0.467436 -0.333621 0.002932 0.818653
84.800000000 -11.707730 26.637376 39.454265 -0.467964 -0.332872 0.002450 0.818657
84.900000000 -11.762647 26.730692 39.528141 -0.468600 -0.334133 0.004247 0.817772
85.000000000 -11.829015 26.880300 39.603944 -0.468836 -0.332896 0.003552 0.818144
85.100000000 -11.887374 26.978984 39.691559 -0.470064 -0.333373 0.004930 0.817238
85.200000000 -11.941230 26.995188 39.798892 -0.469624 -0.337509 0.010112 0.815744
85.300000000 -11.999730 27.123917 39.879808 -0.469991 -0.336924 0.010251 0.815773
85.400000000 -12.078723 27.293256 39.969536 -0.469477 -0.335668 0.009099 0.816600
85.500000000 -12.136786 27.462905 40.048168 -0.469591 -0.335681 0.010525 0.816512
85.600000000 -12.206865 27.550092 40.145505 -0.468056 -0.339557 0.014323 0.815732
85.700000000 -12.274321 27.689735 40.208080 -0.465096 -0.332509 0.008369 0.820398
85.800000000 -12.378865 27.831035 40.345435 -0.464021 -0.327984 0.003414 0.822860
85.900000000 -12.469737 28.067321 40.414371 -0.465249 -0.326093 0.001165 0.822925
86.000000000 -12.559984 28.234330 40.519732 -0.465414 -0.324278 0.000462 0.823549
86.100000000 -12.591340 28.132892 40.576764 -0.468435 -0.340530 0.017115 0.815055
86.200000000 -12.680720 28.257110 40.652755 -0.467463 -0.338451 0.013320 0.816548
86.300000000 -12.735590 28.287332 40.690559 -0.464322 -0.335747 0.010118 0.819498
86.400000000 -12.780865 28.354337 40.741386 -0.463262 -0.337583 0.012330 0.819313
86.500000000 -12.869898 28.461211 40.871330 -0.462463 -0.336237 0.012148 0.820320
86.600000000 -12.943040 28.584005 40.959496 -0.462899 -0.338968 0.015543 0.818892
86.700000000 -13.028421 28.684900 41.034371 -0.460147 -0.341962 0.017018 0.819168
86.800000000 -13.089626 28.755726 41.125880 -0.457575 -0.339456 0.014730 0.821692
86.900000000 -13.133110 28.791123 41.175319 -0.456931 -0.338873 0.014605 0.822293
87.000000000 -13.189254 28.948929 41.197899 -0.457076 -0.336764 0.012307 0.823116
87.100000000 -13.312780 29.088359 41.344146 -0.455118 -0.336399 0.011841 0.824356
87.200000000 -13.412742 29.173724 41.421142 -0.449400 -0.335221 0.007551 0.828016
87.300000000 -13.528291 29.402401 41.545259 -0.444144 -0.320999 -0.007498 0.836444
87.400000000 -13.612691 29.642052 41.642172 -0.441697 -0.310924 -0.018642 0.841358
87.500000000 -13.707270 29.747383 41.708589 -0.440779 -0.311260 -0.019297 0.841700
87.600000000 -13.787681 30.038590 41.818327 -0.438679 -0.299177 -0.032343 0.846763
87.700000000 -13.903600 30.263196 41.982140 -0.436444 -0.289625 -0.042451 0.850783
87.800000000 -13.966515 30.329509 42.117746 -0.429653 -0.280304 -0.051048 0.856868
87.900000000 -14.083513 30.256160 42.420373 -0.414028 -0.260636 -0.068804 0.869434
88.000000000 -14.141250 30.280653 42.487968 -0.414125 -0.260832 -0.068523 0.869351
88.100000000 -14.247456 30.295329 42.615311 -0.410164 -0.259650 -0.070740 0.871403
88.200000000 -14.271628 30.441624 42.694004 -0.408973 -0.248520 -0.079519 0.874446
88.300000000 -14.389265 30.500542 42.806679 -0.406259 -0.250645 -0.077865 0.875253
88.400000000 -14.440905 30.501154 42.880285 -0.403485 -0.248162 -0.079578 0.877088
88.500000000 -14.547525 30.592168 42.977707 -0.399559 -0.246110 -0.082982 0.879145
88.600000000 -14.636110 30.689313 43.064982 -0.398703 -0.246788 -0.082067 0.879430
88.700000000 -14.729534 30.825169 43.156498 -0.397663 -0.245507 -0.083725 0.880103
88.800000000 -14.823200 30.948188 43.234949 -0.396893 -0.246163 -0.082838 0.880351
88.900000000 -14.897568 31.048029 43.294691 -0.396869 -0.246977 -0.082677 0.880149
89.000000000 -14.985654 31.110530 43.357438 -0.396515 -0.251971 -0.077542 0.879360
89.100000000 -15.040552 31.190610 43.393466 -0.395961 -0.251399 -0.079520 0.879597
89.200000000 -15.150180 31.318880 43.501983 -0.394250 -0.249058 -0.081856 0.880816
89.300000000 -15.219979 31.392798 43.544640 -0.395096 -0.253314 -0.078208 0.879554
89.400000000 -15.264907 31.417644 43.615615 -0.394022 -0.250211 -0.080579 0.880709
89.500000000 -15.289505 31.362673 43.661721 -0.386473 -0.245636 -0.084458 0.884968
89.600000000 -15.370857 31.404737 43.762083 -0.380883 -0.241439 -0.086477 0.888345
89.700000000 -15.446793 31.538489 43.845625 -0.378758 -0.240776 -0.085312 0.889545
89.800000000 -15.534487 31.678862 43.886343 -0.380932 -0.245789 -0.081762 0.887577
89.900000000 -15.633673 31.815904 43.976822 -0.381314 -0.243735 -0.084563 0.887717
90.000000000 -15.697589 31.820972 43.992664 -0.385033 -0.251879 -0.077858 0.884446
90.100000000 -15.686675 31.640509 44.066598 -0.374394 -0.245067 -0.081244 0.890601
90.200000000 -15.108921 31.059169 43.547537 -0.295637 -0.234768 -0.052519 0.924513
90.300000000 -15.166189 31.144082 43.563546 -0.297063 -0.237713 -0.050544 0.923413
90.400000000 -15.199516 31.207895 43.575450 -0.297099 -0.238148 -0.051105 0.923258
90.500000000 -15.312327 31.512334 43.734559 -0.292444 -0.220617 -0.065044 0.928210
90.600000000 -15.398909 31.647893 43.802933 -0.292310 -0.220435 -0.065645 0.928253
90.700000000 -15.465222 31.789005 43.868161 -0.291875 -0.219072 -0.066573 0.928647
90.800000000 -15.527940 31.828337 43.911532 -0.293754 -0.223721 -0.064299 0.927105
90.900000000 -15.576793 31.865991 43.918797 -0.295752 -0.230654 -0.059559 0.925085
91.000000000 -15.699741 32.029072 44.043993 -0.294041 -0.226273 -0.062751 0.926500
91.100000000 -15.800101 32.080447 44.119713 -0.294981 -0.230600 -0.060285 0.925298
91.200000000 -15.892637 32.247008 44.230163 -0.293110 -0.224105 -0.065350 0.927142
91.300000000 -15.896645 32.186062 44.214564 -0.295694 -0.233559 -0.058046 0.924471
91.400000000 -15.957876 32.295754 44.273018 -0.295105 -0.230478 -0.060836 0.925253
91.500000000 -15.980271 32.338977 44.300032 -0.293818 -0.228308 -0.062047 0.926119
91.600000000 -16.075325 32.357451 44.396734 -0.293754 -0.230100 -0.060651 0.925788
91.700000000 -16.118419 32.400284 44.421647 -0.293827 -0.233216 -0.058550 0.925120
91.800000000 -16.157121 32.398680 44.447089 -0.293795 -0.237959 -0.054655 0.924160
91.900000000 -16.274884 32.454946 44.547592 -0.293977 -0.242162 -0.051748 0.923178
92.000000000 -16.220495 32.334287 44.452577 -0.295979 -0.252937 -0.043361 0.920076
92.100000000 -16.397887 32.670313 44.714497 -0.292506 -0.234693 -0.057559 0.925228
92.200000000 -16.499145 32.865693 44.908940 -0.290178 -0.221921 -0.068045 0.928395
92.300000000 -16.560078 32.964412 44.954477 -0.289763 -0.221593 -0.068725 0.928553
92.400000000 -16.631214 32.947238 44.952520 -0.291687 -0.231516 -0.062408 0.925972
92.500000000 -16.561433 32.943478 44.870524 -0.290568 -0.229771 -0.063654 0.926673
92.600000000 -16.658290 32.985127 44.941131 -0.292201 -0.235585 -0.059328 0.924986
92.700000000 -16.650139 32.997629 44.920546 -0.292437 -0.236308 -0.059192 0.924735
92.800000000 -16.707171 33.051108 45.011553 -0.291457 -0.233975 -0.060312 0.925565
92.900000000 -16.796699 33.080247 45.094266 -0.291233 -0.237412 -0.057739 0.924925
93.000000000 -16.790108 33.157135 45.085057 -0.291030 -0.234567 -0.060785 0.925519
93.100000000 -16.884622 33.232717 45.245116 -0.287166 -0.229205 -0.063176 0.927906
93.200000000 -16.940960 33.352442 45.301535 -0.287448 -0.226643 -0.065920 0.928257
93.300000000 -17.012669 33.424181 45.397313 -0.287443 -0.224506 -0.067544 0.928661
93.400000000 -17.173575 33.600970 45.515798 -0.289884 -0.230275 -0.064650 0.926694
93.500000000 -17.130045 33.613935 45.456556 -0.290406 -0.231246 -0.063877 0.926342
93.600000000 -17.183310 33.664359 45.491206 -0.291233 -0.233890 -0.062233 0.925530
93.700000000 -17.271601 33.768947 45.595018 -0.291505 -0.231949 -0.064000 0.925812
93.800000000 -17.420342 33.851137 45.887992 -0.284134 -0.218283 -0.072072 0.930820
93.900000000 -17.492647 33.963053 45.937146 -0.286314 -0.221553 -0.070535 0.929496
94.000000000 -17.510020 34.002301 45.897810 -0.287694 -0.227606 -0.066260 0.927921
94.100000000 -17.588871 34.148762 45.998100 -0.288332 -0.225551 -0.068115 0.928090
94.200000000 -17.650400 34.191516 46.102361 -0.287442 -0.224168 -0.069335 0.928611
94.300000000 -17.788492 34.368248 46.216873 -0.289961 -0.226313 -0.069083 0.927325
94.400000000 -17.895946 34.467782 46.380653 -0.289786 -0.222256 -0.072248 0.928120
94.500000000 -17.852696 34.443233 46.304539 -0.289917 -0.225423 -0.069562 0.927520
94.600000000 -17.933184 34.573584 46.373864 -0.291390 -0.227595 -0.068582 0.926601
94.700000000 -17.942040 34.618840 46.394363 -0.290519 -0.223702 -0.072677 0.927510
94.800000000 -17.931020 34.725137 46.374032 -0.291204 -0.222232 -0.074127 0.927533
94.900000000 -18.079338 34.792884 46.557632 -0.286637 -0.221686 -0.071849 0.929264
95.000000000 -18.183650 34.942159 46.679571 -0.289496 -0.223201 -0.071484 0.928043
95.100000000 -18.305137 35.092308 46.859837 -0.290062 -0.220338 -0.073437 0.928398
95.200000000 -18.453257 35.239301 47.047451 -0.291790 -0.223896 -0.070813 0.927208
95.300000000 -18.421770 35.308123 47.028399 -0.293147 -0.222696 -0.071783 0.926994
95.400000000 -18.431184 35.405436 47.020736 -0.293654 -0.220809 -0.073569 0.927145
95.500000000 -18.536077 35.505943 47.162321 -0.293756 -0.221395 -0.072684 0.927043
95.600000000 -18.591003 35.595124 47.196189 -0.295405 -0.224731 -0.070396 0.925892
95.700000000 -18.656737 35.733155 47.299239 -0.295146 -0.221200 -0.072792 0.926640
95.800000000 -18.655945 35.807607 47.352799 -0.294570 -0.213129 -0.079405 0.928170
95.900000000 -18.825042 35.901955 47.555542 -0.292844 -0.217263 -0.075064 0.928119
96.000000000 -18.831678 36.041564 47.603266 -0.294102 -0.214262 -0.077159 0.928247
96.100000000 -18.874911 36.074760 47.605477 -0.295407 -0.219778 -0.072937 0.926883
96.200000000 -18.872772 36.142157 47.595839 -0.296417 -0.219595 -0.073322 0.926574
96.300000000 -18.944677 36.267968 47.737283 -0.296820 -0.216315 -0.075301 0.927058
96.400000000 -18.688526 36.233175 47.182101 -0.324597 -0.234550 -0.074987 0.913236
96.500000000 -19.130251 36.448699 47.931352 -0.297694 -0.222079 -0.070269 0.925809
96.600000000 -19.139718 36.460482 47.903976 -0.300360 -0.230449 -0.063449 0.923391
96.700000000 -18.845906 36.411662 47.361991 -0.317061 -0.238501 -0.067162 0.915467
96.800000000 -18.864312 36.478574 47.384979 -0.318137 -0.239142 -0.066452 0.914978
96.900000000 -18.967828 36.615913 47.557902 -0.320034 -0.236563 -0.068238 0.914855
97.000000000 -18.908966 36.680986 47.636045 -0.307622 -0.220201 -0.074039 0.922712
97.100000000 -19.064252 36.724545 47.622101 -0.323885 -0.247275 -0.057403 0.911405
97.200000000 -18.995972 36.737752 47.628324 -0.311360 -0.236242 -0.060008 0.918501
97.300000000 -19.011581 36.800046 47.653799 -0.312186 -0.237558 -0.057818 0.918022
97.400000000 -19.117470 36.903594 47.779152 -0.313312 -0.239669 -0.054645 0.917283
97.500000000 -19.258943 37.029953 47.960265 -0.312786 -0.242201 -0.052354 0.916931
