41.800000000 -0.000000 0.000000 -0.000000 -0.000000 0.000000 -0.000000 1.000000
41.900000000 -0.011761 -0.009512 -0.114225 -0.000425 -0.008396 0.002750 0.999961
42.000000000 0.026297 0.551856 -0.605355 -0.012307 -0.017962 0.007074 0.999738
42.100000000 0.054560 1.108313 -1.302913 -0.025306 -0.035127 0.014420 0.998958
42.200000000 0.131412 1.335270 -0.192551 -0.029380 -0.008152 0.004030 0.999527
42.300000000 0.171350 2.213265 -0.685836 -0.050730 -0.023515 0.011408 0.998370
42.400000000 0.202827 2.174525 0.077975 -0.057064 -0.014393 0.007598 0.998238
42.500000000 0.257525 2.586550 -1.062222 -0.061062 -0.011895 0.007447 0.998035
42.600000000 0.244519 2.768548 -1.271645 -0.070484 -0.033590 0.016981 0.996803
42.700000000 0.255472 2.468264 -1.173963 -0.063413 -0.023760 0.012211 0.997630
42.800000000 0.309850 2.807380 -1.426244 -0.070278 -0.018275 0.010411 0.997306
42.900000000 0.427688 3.662485 -1.857702 -0.087381 0.000388 0.003773 0.996168
43.000000000 0.497536 4.011788 -1.505924 -0.094706 0.008049 0.000633 0.995473
43.100000000 0.386554 2.707922 -1.635399 -0.071358 -0.004036 0.004426 0.997433
43.200000000 0.248077 0.942980 -1.982179 -0.022945 -0.020796 0.007914 0.999489
43.300000000 0.220657 0.850335 -2.300414 -0.021063 -0.050887 0.019024 0.998301
43.400000000 0.203355 -0.234065 0.175681 -0.004996 -0.015596 0.003641 0.999859
43.500000000 0.211992 -0.294023 0.089522 -0.006359 -0.017057 0.004010 0.999826
43.600000000 0.242057 0.038842 0.811332 -0.012897 -0.023956 0.006426 0.999609
43.700000000 0.293790 0.431521 -0.017653 -0.015236 -0.029498 0.009457 0.999404
43.800000000 0.355355 0.953960 -0.675697 -0.023147 -0.024183 0.008139 0.999406
43.900000000 0.256617 -0.349736 0.971830 -0.003944 -0.024391 0.004760 0.999683
44.000000000 0.328299 0.256221 0.708322 -0.017881 -0.026165 0.006718 0.999475
44.100000000 0.355065 0.482282 0.162862 -0.017734 -0.036321 0.010518 0.999127
44.200000000 0.309333 -0.258971 0.916861 -0.008386 -0.033844 0.008169 0.999359
44.300000000 0.321893 0.007468 -0.472418 -0.005957 -0.057352 0.016454 0.998201
44.400000000 0.266107 -1.225495 2.078021 0.001355 -0.042724 0.009820 0.999038
44.500000000 0.339170 -0.680602 1.636200 -0.002466 -0.032542 0.006716 0.999445
44.600000000 0.354463 -0.704930 0.709661 0.002576 -0.039624 0.008932 0.999171
44.700000000 0.351184 -0.771483 1.163367 0.001736 -0.046937 0.011285 0.998833
44.800000000 0.412026 -0.366457 1.247049 -0.008591 -0.041280 0.010080 0.999060
44.900000000 0.443791 -0.298834 1.558271 -0.010464 -0.030858 0.006304 0.999449
45.000000000 0.406197 -0.938953 1.201092 0.004033 -0.036924 0.007379 0.999283
45.100000000 0.430597 -0.685781 -0.035656 0.002672 -0.056683 0.014938 0.998277
45.200000000 0.482304 -0.414579 0.639300 -0.004344 -0.050590 0.013444 0.998620
45.300000000 0.486923 -0.659763 2.340574 -0.006376 -0.036475 0.007652 0.999285
45.400000000 0.553966 -0.014006 1.133742 -0.015513 -0.050816 0.014583 0.998481
45.500000000 0.520942 -0.560116 1.532348 -0.001352 -0.035745 0.006976 0.999336
45.600000000 0.500976 -1.005091 1.490561 0.005423 -0.033565 0.005491 0.999407
45.700000000 0.569116 -0.436779 0.585580 0.001749 -0.036312 0.007492 0.999311
45.800000000 0.618303 -0.039027 0.260271 -0.007942 -0.040177 0.009799 0.999113
45.900000000 0.543736 -1.087597 1.553410 0.005170 -0.051001 0.011903 0.998614
46.000000000 0.598981 -0.785200 1.272940 0.002335 -0.048096 0.011633 0.998772
46.100000000 0.585308 -1.098734 2.491695 0.004213 -0.036305 0.006371 0.999312
46.200000000 0.633485 -0.594131 0.899933 0.000032 -0.058137 0.015524 0.998188
46.300000000 0.573481 -1.460148 1.061111 0.016495 -0.047208 0.009599 0.998703
46.400000000 0.580757 -1.428368 0.023766 0.026022 -0.051362 0.010058 0.998290
46.500000000 0.615581 -1.341549 -1.014952 0.060738 -0.052303 0.007827 0.996752
46.600000000 0.622526 -1.360492 0.050814 0.050577 -0.057961 0.010359 0.996983
46.700000000 0.588517 -1.760713 1.395562 0.040333 -0.052288 0.008683 0.997779
46.800000000 0.667899 -1.141575 1.332969 0.022124 -0.041026 0.007177 0.998887
46.900000000 0.666271 -1.197515 1.041092 0.038717 -0.055245 0.010601 0.997666
47.000000000 0.662089 -1.424944 1.690159 0.025161 -0.046598 0.008579 0.998560
47.100000000 0.731218 -0.804556 2.316582 0.006958 -0.034251 0.005821 0.999372
47.200000000 0.749090 -0.704860 1.752861 0.008354 -0.035857 0.006773 0.999299
47.300000000 0.782452 -0.304183 2.061605 -0.001167 -0.044609 0.010642 0.998947
47.400000000 0.830707 0.280280 1.148739 -0.010723 -0.059106 0.017488 0.998041
47.500000000 0.847189 0.300546 1.215163 -0.010326 -0.055328 0.016401 0.998280
47.600000000 0.817780 -0.025148 1.311129 -0.003930 -0.073025 0.021701 0.997086
47.700000000 0.950468 1.497682 0.760184 -0.032738 -0.054183 0.018419 0.997824
47.800000000 0.834140 -0.068183 0.764751 0.002769 -0.051983 0.013950 0.998547
47.900000000 0.835391 -0.187865 -0.206459 0.011118 -0.060051 0.016801 0.997992
48.000000000 0.868393 -0.035291 0.739382 0.006393 -0.038136 0.009153 0.999210
48.100000000 0.832864 -0.305427 1.453114 0.007711 -0.049376 0.012496 0.998672
48.200000000 0.851328 -0.229780 1.685521 0.005612 -0.046096 0.011733 0.998852
48.300000000 0.834385 -0.563829 2.012274 0.013903 -0.035933 0.007210 0.999231
48.400000000 0.823410 -0.654294 2.269049 0.013661 -0.037902 0.007768 0.999158
48.500000000 0.825147 -0.595128 1.811847 0.014370 -0.054692 0.013485 0.998309
48.600000000 0.700586 -2.043452 0.595893 0.084811 -0.049571 0.005907 0.995146
48.700000000 0.822388 -0.788713 -0.414403 0.145096 -0.065802 0.006407 0.987206
48.800000000 0.971536 0.839974 1.746290 0.102754 -0.069514 0.011553 0.992208
48.900000000 0.842070 -0.655533 3.373674 0.027200 -0.029481 0.004368 0.999186
49.000000000 1.143754 2.846153 4.384028 -0.055904 -0.022593 0.008442 0.998145
49.100000000 1.225860 4.157214 2.919301 -0.075447 -0.025485 0.012188 0.996750
49.200000000 1.144505 3.058066 0.855546 -0.047788 -0.021239 0.009144 0.998590
49.300000000 1.077990 2.553940 -2.092247 -0.031843 -0.055882 0.022841 0.997668
49.400000000 1.275701 5.296322 -2.844222 -0.060832 -0.023168 0.012123 0.997806
49.500000000 1.298403 5.183424 -4.172642 -0.060976 -0.009616 0.007612 0.998064
49.600000000 1.314239 5.469583 -4.750201 -0.069363 -0.009334 0.007546 0.997519
49.700000000 1.297430 5.158587 -5.626996 -0.057823 -0.004413 0.004955 0.998305
49.800000000 1.359320 6.091569 -6.138256 -0.072886 -0.007710 0.007746 0.997280
49.900000000 1.484768 7.340460 -8.570218 0.007565 -0.003042 0.005741 0.999950
50.000000000 1.495135 7.419677 -8.389870 0.006768 0.003748 0.003316 0.999965
50.100000000 1.460053 7.529718 -8.139335 0.002606 -0.015516 0.010476 0.999821
50.200000000 1.302353 6.006589 -4.788562 -0.074355 -0.021848 0.014411 0.996888
50.300000000 1.292805 5.847006 -3.612338 -0.071127 -0.011365 0.009540 0.997357
50.400000000 1.216816 5.106134 -3.417138 -0.058572 -0.037634 0.020215 0.997369
50.500000000 1.316033 6.444660 -5.243600 0.000413 -0.029529 0.015000 0.999451
50.600000000 1.294751 6.215872 -3.634024 -0.075006 -0.020534 0.014845 0.996861
50.700000000 1.368207 7.158532 -6.352856 0.002258 -0.013997 0.009830 0.999851
50.800000000 1.324145 6.441957 -5.046505 -0.072840 0.004070 0.003646 0.997329
50.900000000 1.399598 7.523581 -8.328620 0.013829 -0.014869 0.010749 0.999736
51.000000000 1.350521 7.331386 -6.591641 0.003040 -0.023424 0.013870 0.999625
51.100000000 1.274742 6.645692 -4.585618 -0.081723 -0.031397 0.021173 0.995935
51.200000000 1.276810 6.831419 -5.375294 0.001263 -0.035629 0.018306 0.999197
51.300000000 1.221743 6.378791 -4.628163 0.002027 -0.048174 0.022517 0.998583
51.400000000 1.326969 7.417094 -6.838516 0.003986 -0.037445 0.020319 0.999084
51.500000000 1.268402 7.060822 -4.280362 -0.086359 -0.022195 0.018249 0.995850
51.600000000 1.334877 7.665081 -7.116613 0.007179 -0.022741 0.015139 0.999601
51.700000000 1.280484 7.035878 -4.832844 -0.064207 -0.011792 0.013373 0.997777
51.800000000 1.272516 6.998229 -8.121667 0.025619 -0.031706 0.017713 0.999012
51.900000000 1.245581 6.875561 -6.989474 0.022541 -0.029848 0.016997 0.999156
52.000000000 1.292026 7.546012 -5.221050 0.000028 -0.022838 0.016090 0.999610
52.100000000 1.263827 7.457681 -2.784382 -0.073757 -0.017917 0.016813 0.996974
52.200000000 1.220453 6.838581 -3.027131 -0.054501 -0.013996 0.014316 0.998313
52.300000000 1.221703 6.955449 -6.038886 0.019863 -0.026002 0.016990 0.999320
52.400000000 1.239816 7.373459 -4.611677 0.000678 -0.028808 0.018804 0.999408
52.500000000 1.204481 7.197361 -2.749494 -0.061019 -0.024207 0.019465 0.997653
52.600000000 1.257673 7.943779 -5.874620 0.004768 -0.028534 0.019431 0.999393
52.700000000 1.214566 7.563880 -2.341173 -0.068673 -0.018458 0.017877 0.997308
52.800000000 1.285255 8.546385 -7.614470 0.007789 -0.033073 0.022152 0.999177
52.900000000 1.267419 8.422381 -6.938446 0.007695 -0.025773 0.019422 0.999449
53.000000000 1.270799 8.839512 -3.634564 -0.090621 -0.020955 0.022381 0.995413
53.100000000 1.241240 8.352844 -6.702239 0.008536 -0.027103 0.020225 0.999392
53.200000000 1.189547 7.720529 -3.482120 -0.055365 -0.025147 0.021824 0.997911
53.300000000 1.200771 7.852172 -5.652712 0.012636 -0.012947 0.014224 0.999735
53.400000000 1.160407 7.716427 -4.258781 0.005095 -0.034059 0.021988 0.999165
53.500000000 1.188158 7.550996 -1.198320 -0.076084 -0.004959 0.014106 0.996989
53.600000000 1.161274 7.674889 -4.939326 0.012845 -0.021926 0.017870 0.999517
53.700000000 1.154963 7.661463 -4.420495 0.011930 -0.019264 0.016743 0.999603
53.800000000 1.139291 7.468200 -1.530672 -0.061456 -0.012044 0.016406 0.997902
53.900000000 1.189002 8.472501 -6.768995 0.016171 -0.022195 0.019172 0.999439
54.000000000 1.208474 8.707920 -4.949816 0.000469 -0.013975 0.016999 0.999758
54.100000000 1.229380 9.348528 -3.408588 -0.077787 -0.017777 0.022421 0.996559
54.200000000 1.225711 9.389261 -6.512429 0.003736 -0.017764 0.019080 0.999653
54.300000000 1.198068 9.188238 -2.941753 -0.084503 -0.017931 0.022935 0.995998
54.400000000 1.190066 8.839418 -5.524467 0.008348 -0.011206 0.016674 0.999763
54.500000000 1.165817 9.021525 -4.606980 -0.007673 -0.028881 0.023337 0.999281
54.600000000 1.179655 9.068694 -2.849148 -0.069092 -0.015146 0.020776 0.997279
54.700000000 1.168696 8.684504 -4.739621 0.010964 -0.006170 0.014275 0.999819
54.800000000 1.152259 8.489856 -3.472938 0.002953 -0.004077 0.013664 0.999894
54.900000000 1.092189 7.961475 -0.099793 -0.065556 -0.014348 0.019211 0.997561
55.000000000 1.133462 8.531105 -3.966299 0.008981 -0.006852 0.014516 0.999831
55.100000000 1.158740 8.687213 -2.820830 -0.025083 0.002226 0.012402 0.999606
55.200000000 1.125305 8.786939 -3.669439 0.004365 -0.011430 0.016108 0.999795
55.300000000 1.092563 8.218665 -0.109912 -0.068310 -0.024542 0.024320 0.997066
55.400000000 1.100771 7.987500 -2.163932 0.007584 0.001458 0.011507 0.999904
55.500000000 1.099762 8.491919 -3.292184 0.007189 -0.006368 0.014371 0.999851
55.600000000 1.089531 8.290511 -2.146194 0.003837 -0.006161 0.014161 0.999873
55.700000000 1.092740 8.330076 -0.155839 -0.044055 -0.012575 0.018649 0.998776
55.800000000 1.087263 8.568865 -2.942236 0.007353 -0.001438 0.012577 0.999893
55.900000000 1.062007 8.300776 -1.854895 0.001596 -0.012960 0.016716 0.999775
56.000000000 1.075761 8.145533 -0.023630 -0.025473 -0.005217 0.015188 0.999547
56.100000000 1.082828 8.325219 -1.433954 0.001130 0.000822 0.011891 0.999928
56.200000000 1.084535 8.338828 0.064988 -0.025298 -0.003898 0.014742 0.999564
56.300000000 1.088676 8.438286 -1.083881 0.000378 0.000034 0.012713 0.999919
56.400000000 1.074281 8.411496 0.137742 -0.024528 -0.015220 0.019466 0.999394
56.500000000 1.070590 8.328263 -0.417471 -0.002424 -0.005730 0.014855 0.999870
56.600000000 1.081156 8.291739 0.784348 -0.023349 -0.002859 0.014575 0.999617
56.700000000 1.076999 8.279029 0.049089 -0.003427 0.000153 0.012764 0.999913
56.800000000 1.087387 8.376180 0.738679 -0.022840 -0.003239 0.014965 0.999622
56.900000000 1.062304 8.189248 0.501786 -0.003517 -0.007034 0.015638 0.999847
57.000000000 1.081633 8.127591 1.780719 -0.024224 0.001212 0.012959 0.999622
57.100000000 1.092550 8.884779 -1.090206 -0.001833 -0.003812 0.015122 0.999877
57.200000000 1.082209 8.066860 2.578885 -0.029566 -0.001039 0.014132 0.999462
57.300000000 1.060979 8.093226 1.602256 -0.009670 -0.008713 0.016428 0.999780
57.400000000 1.089416 8.305964 2.253986 -0.029956 -0.002151 0.014882 0.999438
57.500000000 1.069622 8.146408 1.777728 -0.010301 -0.004812 0.015030 0.999822
57.600000000 1.066354 8.266369 2.144779 -0.027503 -0.010501 0.017995 0.999405
57.700000000 1.134658 8.722670 0.469418 -0.007943 0.011635 0.010053 0.999850
57.800000000 1.098309 8.260418 2.133709 -0.012790 0.003231 0.012263 0.999838
57.900000000 1.080972 8.246782 2.069136 -0.010406 -0.005335 0.015427 0.999813
58.000000000 1.092403 8.322151 2.077886 -0.010732 -0.003716 0.015199 0.999820
58.100000000 1.102660 8.314277 2.445695 -0.011436 -0.000855 0.014157 0.999834
58.200000000 1.107456 8.446533 2.237129 -0.015321 -0.002112 0.014634 0.999773
58.300000000 1.114396 8.545280 2.037770 -0.013992 -0.001627 0.014650 0.999793
58.400000000 1.088267 8.238053 2.808095 -0.012790 -0.011038 0.017894 0.999697
58.500000000 1.106915 8.171194 3.409841 -0.016929 -0.000638 0.013803 0.999761
58.600000000 1.107338 8.230922 3.188760 -0.012467 -0.004745 0.015381 0.999793
58.700000000 1.135688 8.568199 2.827355 -0.016124 0.000198 0.013934 0.999773
58.800000000 1.123381 8.543885 2.662741 -0.014487 -0.006774 0.016823 0.999731
58.900000000 1.123023 8.527965 2.858038 -0.014251 -0.006718 0.016453 0.999741
59.000000000 1.139878 8.418883 3.725931 -0.021749 -0.000673 0.013828 0.999668
59.100000000 1.151381 8.505352 3.417955 -0.019218 0.002994 0.012575 0.999732
59.200000000 1.154848 8.473656 3.189192 -0.009954 -0.000022 0.013734 0.999856
59.300000000 1.127578 8.389433 3.274871 -0.010124 -0.011799 0.017947 0.999718
59.400000000 1.123275 8.396724 3.326494 -0.010224 -0.015572 0.019262 0.999641
59.500000000 1.130271 8.449230 3.268406 -0.009991 -0.015901 0.019537 0.999633
59.600000000 1.170350 8.514666 3.631052 -0.010081 0.001035 0.013077 0.999863
59.700000000 1.160479 8.370109 4.333915 -0.014817 -0.004240 0.015017 0.999768
59.800000000 1.193905 8.612879 3.773169 -0.012356 0.002107 0.012850 0.999839
59.900000000 1.165588 8.363866 4.840217 -0.019071 -0.005955 0.015429 0.999681
60.000000000 1.209090 8.801034 3.575876 -0.013099 0.001609 0.012638 0.999833
60.100000000 1.199099 8.408055 4.889153 -0.013261 0.004232 0.011575 0.999836
60.200000000 1.198371 8.408593 4.579599 -0.007910 0.000811 0.012579 0.999889
60.300000000 1.194995 8.347971 4.857832 -0.008695 -0.000718 0.012632 0.999882
60.400000000 1.195922 8.404769 4.683424 -0.009064 -0.005176 0.014646 0.999838
60.500000000 1.212958 8.390200 5.364152 -0.012637 0.001898 0.011627 0.999851
60.600000000 1.220537 8.385612 5.325449 -0.010441 0.002784 0.011355 0.999877
60.700000000 1.224447 8.386989 5.358764 -0.009812 0.001874 0.011586 0.999883
60.800000000 1.252093 8.348434 5.589744 -0.007570 0.010133 0.008457 0.999884
60.900000000 1.239516 8.348726 5.628420 -0.008125 0.003912 0.011069 0.999898
61.000000000 1.233911 8.291509 5.820893 -0.008959 -0.000907 0.012842 0.999877
61.100000000 1.246500 8.311611 5.905748 -0.008907 -0.000740 0.013127 0.999874
61.200000000 1.215187 8.208017 6.352378 -0.011008 -0.008130 0.014923 0.999795
61.300000000 1.233135 8.203354 6.307589 -0.007447 -0.003085 0.012995 0.999883
61.400000000 1.213893 8.132029 6.380762 -0.006234 -0.012852 0.016624 0.999760
61.500000000 1.205814 8.064610 6.716150 -0.007094 -0.016362 0.017566 0.999687
61.600000000 1.217738 8.039970 6.681055 -0.003901 -0.014829 0.017124 0.999736
61.700000000 1.246787 8.303264 6.034715 -0.004681 -0.015224 0.017682 0.999717
61.800000000 1.246912 8.172595 6.785580 -0.006318 -0.009340 0.015416 0.999818
61.900000000 1.233187 8.092443 7.089184 -0.008154 -0.017985 0.018825 0.999628
62.000000000 1.248767 8.102344 7.360820 -0.009351 -0.012945 0.017051 0.999727
62.100000000 1.256558 8.128485 7.210298 -0.007432 -0.015585 0.018161 0.999686
62.200000000 1.260254 8.155027 7.077242 -0.006546 -0.021976 0.021045 0.999516
62.300000000 1.236697 8.046271 7.588970 -0.008338 -0.027594 0.022156 0.999339
62.400000000 1.237324 8.047682 7.624277 -0.007442 -0.029430 0.022646 0.999283
62.500000000 1.246292 8.043613 7.823982 -0.006050 -0.021529 0.019226 0.999565
62.600000000 1.243937 8.024739 7.836671 -0.004636 -0.024750 0.020402 0.999475
62.700000000 1.254224 8.110444 7.803453 -0.007069 -0.029731 0.022864 0.999271
62.800000000 1.253622 8.060042 8.144438 -0.005103 -0.023610 0.020141 0.999505
62.900000000 1.257127 8.098064 8.158062 -0.007301 -0.028720 0.022288 0.999312
63.000000000 1.263530 8.106283 8.106249 -0.006020 -0.031227 0.023158 0.999226
63.100000000 1.262781 8.158230 8.071711 -0.009351 -0.040962 0.027099 0.998749
63.200000000 1.266773 8.005639 8.667260 -0.003481 -0.020317 0.018594 0.999615
63.300000000 1.271440 8.104109 8.613660 -0.006984 -0.024923 0.020681 0.999451
63.400000000 1.275238 8.124780 8.651765 -0.007561 -0.027190 0.021736 0.999365
63.500000000 1.274713 8.138911 9.054229 -0.008688 -0.022007 0.019377 0.999532
63.600000000 1.274911 8.113063 9.117429 -0.007205 -0.023264 0.019820 0.999507
63.700000000 1.270284 8.005053 9.783337 -0.007336 -0.011543 0.014894 0.999796
63.800000000 1.273478 8.028712 9.898974 -0.007489 -0.010710 0.014273 0.999813
63.900000000 1.295731 8.137127 9.506029 -0.004559 -0.012957 0.016028 0.999777
64.000000000 1.364087 8.668461 8.498887 -0.009088 -0.011616 0.016953 0.999748
64.100000000 1.376989 8.701644 8.468319 -0.007665 -0.009066 0.016093 0.999800
64.200000000 1.392999 8.682671 9.092342 -0.009309 0.004452 0.010743 0.999889
64.300000000 1.441727 9.350799 6.323377 -0.014569 -0.031363 0.027124 0.999034
64.400000000 1.403438 8.793355 8.257939 -0.003393 -0.014896 0.018708 0.999708
64.500000000 1.291550 8.094775 10.921899 -0.009616 -0.002456 0.010760 0.999893
64.600000000 1.409837 8.734119 8.866884 -0.004249 -0.001433 0.013278 0.999902
64.700000000 1.410201 8.621740 9.521280 -0.004590 0.009971 0.008324 0.999905
64.800000000 1.411005 8.796403 9.742227 -0.006692 0.007790 0.009447 0.999903
64.900000000 1.470214 9.349588 7.658210 -0.014118 -0.012782 0.019455 0.999629
65.000000000 1.418995 8.828734 9.961964 -0.012263 0.004766 0.010792 0.999855
65.100000000 1.406304 8.821420 10.077772 -0.013221 0.000208 0.012740 0.999831
65.200000000 1.405429 8.796270 10.209269 -0.012352 0.002496 0.011844 0.999850
65.300000000 1.438151 8.836998 10.376825 -0.009966 0.015861 0.006797 0.999801
65.400000000 1.426888 8.825038 10.669904 -0.011359 0.013230 0.007585 0.999819
65.500000000 1.401485 8.756627 10.967966 -0.018493 0.010540 0.008078 0.999741
65.600000000 1.446914 8.831879 11.047621 -0.014444 0.023662 0.003525 0.999609
65.700000000 1.445419 8.885012 10.774066 -0.001535 0.017401 0.005961 0.999830
65.800000000 1.455217 8.891219 11.029585 -0.002855 0.023761 0.003316 0.999708
65.900000000 1.471563 8.903011 11.299466 -0.004814 0.030715 0.000895 0.999516
66.000000000 1.472651 8.932645 11.445262 -0.007775 0.031230 0.000167 0.999482
66.100000000 1.466215 8.926848 11.602780 -0.009006 0.031554 0.000115 0.999461
66.200000000 1.470027 8.958877 11.863434 -0.011279 0.035284 -0.001371 0.999313
66.300000000 1.476994 8.934998 12.336814 -0.015957 0.043073 -0.004792 0.998933
66.400000000 1.382929 8.483239 13.759029 -0.010271 0.046622 -0.008165 0.998826
66.500000000 1.473082 8.950054 12.282881 -0.005937 0.041821 -0.004368 0.999098
66.600000000 1.393668 8.620473 13.899868 -0.016011 0.046299 -0.008083 0.998767
66.700000000 1.382562 8.563447 14.136415 -0.011725 0.047839 -0.008653 0.998749
66.800000000 1.399317 8.551464 14.544928 -0.013543 0.056428 -0.011646 0.998247
66.900000000 1.393517 8.650749 14.394302 -0.013968 0.051648 -0.010384 0.998514
67.000000000 1.369963 8.636542 14.577008 -0.014823 0.047772 -0.009429 0.998704
67.100000000 1.343454 8.679153 14.496199 -0.010914 0.044597 -0.008968 0.998905
67.200000000 1.333019 8.649273 14.824003 -0.012480 0.044868 -0.009516 0.998870
67.300000000 1.304292 8.622759 15.136434 -0.013927 0.042002 -0.008718 0.998982
67.400000000 1.298061 8.624705 15.353863 -0.015773 0.041705 -0.008672 0.998968
67.500000000 1.286200 8.610566 15.716037 -0.018296 0.043748 -0.009617 0.998829
67.600000000 1.261749 8.607385 15.983266 -0.021016 0.041242 -0.008808 0.998889
67.700000000 1.246731 8.533483 16.347199 -0.019405 0.042746 -0.009565 0.998852
67.800000000 1.229155 8.577707 16.434796 -0.020985 0.039183 -0.008602 0.998975
67.900000000 1.223464 8.607366 16.607015 -0.021903 0.039472 -0.009001 0.998940
68.000000000 1.209378 8.587498 16.910309 -0.021416 0.040597 -0.009251 0.998903
68.100000000 1.189342 8.571529 17.141141 -0.022822 0.038905 -0.008854 0.998943
68.200000000 1.132657 8.381274 17.956173 -0.023250 0.038186 -0.009075 0.998959
68.300000000 1.098806 8.225907 18.527652 -0.020718 0.036443 -0.008423 0.999085
68.400000000 1.109722 8.299578 18.536806 -0.020054 0.038358 -0.009178 0.999021
68.500000000 1.072517 8.148524 19.281044 -0.021314 0.040354 -0.009867 0.998909
68.600000000 1.059903 8.100083 19.697645 -0.025102 0.039199 -0.009806 0.998868
68.700000000 1.053356 8.126072 19.835874 -0.024650 0.040171 -0.010278 0.998836
68.800000000 1.055067 8.185686 19.826139 -0.023238 0.038869 -0.010078 0.998923
68.900000000 1.031528 8.136930 20.254598 -0.026913 0.037320 -0.009365 0.998897
69.000000000 1.022311 8.106838 20.639873 -0.028852 0.038628 -0.009647 0.998790
69.100000000 1.009843 8.128735 20.737003 -0.028806 0.034819 -0.008729 0.998940
69.200000000 1.001029 8.043249 21.287087 -0.030283 0.037036 -0.009250 0.998812
69.300000000 0.995388 8.050498 21.254553 -0.024742 0.035542 -0.008652 0.999024
69.400000000 1.004383 8.072551 21.507647 -0.026153 0.039791 -0.010104 0.998815
69.500000000 1.002571 8.097240 21.618053 -0.026740 0.039227 -0.009790 0.998825
69.600000000 0.986994 7.995006 22.052649 -0.026225 0.037729 -0.008816 0.998905
69.700000000 0.966573 7.893466 22.428978 -0.022758 0.035943 -0.008998 0.999054
69.800000000 0.964759 7.958951 22.385051 -0.021327 0.034574 -0.008418 0.999139
69.900000000 0.965564 8.000959 22.497663 -0.021764 0.035773 -0.009295 0.999080
70.000000000 0.947044 7.940199 22.927360 -0.025079 0.033099 -0.008470 0.999101
70.100000000 0.932913 7.877814 23.380542 -0.028107 0.031702 -0.008063 0.999070
70.200000000 0.916844 7.769130 23.772948 -0.025332 0.030034 -0.007824 0.999197
70.300000000 0.930053 7.847726 23.708209 -0.023400 0.032408 -0.008330 0.999166
70.400000000 0.919720 7.850033 23.893353 -0.024634 0.029513 -0.007613 0.999232
70.500000000 0.909668 7.783224 24.354355 -0.027876 0.028582 -0.007002 0.999178
70.600000000 0.889620 7.748820 24.615693 -0.029699 0.023769 -0.005259 0.999262
70.700000000 0.893571 7.708318 24.946544 -0.029539 0.024793 -0.005575 0.999241
70.800000000 0.894023 7.803048 24.840656 -0.028996 0.023262 -0.005160 0.999295
70.900000000 0.878423 7.643563 25.369360 -0.027002 0.021572 -0.004635 0.999392
71.000000000 0.881094 7.671289 25.501079 -0.026945 0.021807 -0.004741 0.999388
71.100000000 0.881115 7.556430 25.840431 -0.022464 0.021396 -0.004182 0.999510
71.200000000 0.874100 7.557665 26.026420 -0.023252 0.019630 -0.003719 0.999530
71.300000000 0.870604 7.573091 26.140891 -0.022805 0.017694 -0.002884 0.999579
71.400000000 0.865914 7.552438 26.406948 -0.023811 0.015918 -0.002419 0.999587
71.500000000 0.845053 7.482923 26.738956 -0.027415 0.008714 -0.000145 0.999586
71.600000000 0.839922 7.461752 26.910263 -0.025562 0.006008 0.000710 0.999655
71.700000000 0.843247 7.414117 27.195979 -0.025068 0.005856 0.001048 0.999668
71.800000000 0.841494 7.397959 27.458274 -0.026472 0.004845 0.001477 0.999637
71.900000000 0.850774 7.365492 27.754904 -0.028823 0.003673 0.002336 0.999575
72.000000000 0.855512 7.243320 28.208400 -0.024638 0.004706 0.002185 0.999683
72.100000000 0.857056 7.229727 28.438257 -0.025741 0.004036 0.002439 0.999658
72.200000000 0.857771 7.227436 28.615748 -0.026448 0.002041 0.003307 0.999643
72.300000000 0.872923 7.044054 29.201304 -0.022807 0.002309 0.003604 0.999731
72.400000000 0.883984 7.055605 29.243306 -0.018025 0.004381 0.003414 0.999822
72.500000000 0.883827 7.036021 29.496463 -0.019165 0.003436 0.003748 0.999803
72.600000000 0.901935 7.011512 29.794591 -0.020014 0.004318 0.003766 0.999783
72.700000000 0.910097 6.955643 30.138481 -0.021508 0.004307 0.004039 0.999751
72.800000000 0.922951 6.888557 30.489335 -0.021284 0.003741 0.004609 0.999756
72.900000000 0.941951 6.810172 30.712843 -0.013956 0.005049 0.004603 0.999879
73.000000000 0.944179 6.792868 30.941436 -0.014755 0.003873 0.005127 0.999870
73.100000000 0.957407 6.796372 31.113950 -0.016546 0.003306 0.005550 0.999842
73.200000000 1.018497 6.563648 31.949593 -0.013855 0.008748 0.004656 0.999855
73.300000000 1.007691 6.614959 31.960939 -0.012862 0.009604 0.004190 0.999862
73.400000000 1.008908 6.646011 32.023518 -0.012415 0.008806 0.004541 0.999874
73.500000000 1.057475 6.497101 32.611237 -0.010546 0.012257 0.004279 0.999860
73.600000000 1.046730 6.537715 32.578898 -0.009499 0.008630 0.005630 0.999902
73.700000000 1.058183 6.507823 32.833644 -0.011408 0.007640 0.005975 0.999888
73.800000000 1.070067 6.511162 32.973701 -0.011295 0.006204 0.006610 0.999895
73.900000000 1.083270 6.478743 33.179683 -0.011019 0.004826 0.007620 0.999899
74.000000000 1.103716 6.411599 33.494482 -0.009550 0.005033 0.008015 0.999910
74.100000000 1.145353 6.321488 33.843811 -0.005841 0.006304 0.008198 0.999929
74.200000000 1.201200 6.182647 34.401990 -0.002407 0.011769 0.006953 0.999904
74.300000000 1.196344 6.207221 34.443728 -0.001713 0.009945 0.007619 0.999920
74.400000000 1.207465 6.218695 34.594980 -0.003930 0.008898 0.008350 0.999918
74.500000000 1.230429 6.164322 34.933565 -0.005029 0.009566 0.008266 0.999907
74.600000000 1.238132 6.187778 34.980955 -0.005587 0.007415 0.009143 0.999915
74.700000000 1.255584 6.147842 35.137655 -0.001558 0.005272 0.010308 0.999932
74.800000000 1.316227 6.053496 35.639446 -0.001717 0.010089 0.009147 0.999906
74.900000000 1.310823 6.069380 35.718201 -0.001908 0.007958 0.009821 0.999918
75.000000000 1.311081 6.075352 35.796748 -0.002013 0.005835 0.010729 0.999923
75.100000000 1.400863 5.862753 36.465553 0.002535 0.007277 0.011103 0.999909
75.200000000 1.422951 5.818995 36.741686 0.001610 0.005480 0.011696 0.999915
75.300000000 1.427166 5.821193 36.890241 0.001662 0.006048 0.011479 0.999914
75.400000000 1.445826 5.807855 37.088936 0.001631 0.006653 0.011294 0.999913
75.500000000 1.458131 5.792827 37.264331 0.000643 0.004271 0.012459 0.999913
75.600000000 1.582830 5.505038 38.334760 -0.006339 0.004090 0.013681 0.999878
75.700000000 1.468686 5.826165 37.459475 0.001462 0.005336 0.012661 0.999905
75.800000000 1.485195 5.808593 37.633787 0.001018 0.002803 0.013755 0.999901
75.900000000 1.547536 5.712485 38.007578 0.003546 0.003728 0.014234 0.999885
76.000000000 1.547750 5.700420 38.117590 -0.001258 -0.007186 0.017204 0.999825
76.100000000 1.607629 5.620298 38.568966 0.000703 0.000023 0.015889 0.999874
76.200000000 1.644197 5.571384 38.908406 -0.000163 0.001569 0.015322 0.999881
76.300000000 1.627004 5.623669 38.869966 -0.000328 -0.002236 0.016368 0.999863
76.400000000 1.647018 5.596972 39.112808 -0.001699 -0.001374 0.016603 0.999860
76.500000000 1.763210 5.412248 39.889106 -0.003607 0.001813 0.016658 0.999853
76.600000000 1.781112 5.384047 40.036471 0.000428 0.000232 0.017446 0.999848
76.700000000 1.766178 5.406471 40.098246 -0.001984 -0.003888 0.018430 0.999821
76.800000000 1.801764 5.390805 40.297148 -0.002423 -0.005359 0.019268 0.999797
76.900000000 1.809406 5.421758 40.347275 -0.002276 -0.007459 0.020164 0.999766
77.000000000 1.903292 5.263040 41.021442 0.002197 0.000727 0.018407 0.999828
77.100000000 1.887584 5.336676 40.924867 0.001003 -0.002360 0.020104 0.999795
77.200000000 1.920059 5.303139 41.208193 -0.000064 -0.002154 0.020116 0.999795
77.300000000 2.017340 5.123745 41.974732 -0.004930 -0.001635 0.020586 0.999775
77.400000000 2.014596 5.150929 41.907659 0.001533 -0.006152 0.022227 0.999733
77.500000000 2.055034 5.119621 42.187552 0.000707 -0.005916 0.022649 0.999726
77.600000000 2.057834 5.156274 42.223848 0.001516 -0.007042 0.023283 0.999703
77.700000000 2.067849 5.159361 42.347436 0.001643 -0.007978 0.024032 0.999678
77.800000000 2.098622 5.134908 42.605955 0.000560 -0.008486 0.024456 0.999665
77.900000000 2.136657 5.120410 42.895641 0.000456 -0.005170 0.024035 0.999698
78.000000000 2.147666 5.102381 43.041864 0.000331 -0.009583 0.025369 0.999632
78.100000000 2.200565 5.025248 43.466714 -0.001764 -0.009765 0.026009 0.999612
78.200000000 2.304582 4.876823 44.135815 0.000375 -0.007801 0.026314 0.999623
78.300000000 2.357737 4.833039 44.561003 -0.003372 -0.005202 0.025783 0.999648
78.400000000 2.303514 4.955306 44.159152 0.002004 -0.009632 0.027581 0.999571
78.500000000 2.318426 5.034514 44.108816 0.001807 -0.010938 0.028585 0.999530
78.600000000 2.276329 5.117702 44.048446 -0.005552 -0.015442 0.029498 0.999430
78.700000000 2.536732 4.730130 45.571829 0.000604 -0.005201 0.028839 0.999570
78.800000000 2.534642 4.743984 45.623030 0.001052 -0.007823 0.030097 0.999516
78.900000000 2.571995 4.716696 45.901687 -0.000125 -0.008268 0.030669 0.999495
79.000000000 2.612029 4.713533 46.140609 -0.000786 -0.006628 0.030353 0.999517
79.100000000 2.515435 4.906484 45.649252 -0.010500 -0.017647 0.033503 0.999228
79.200000000 2.667142 4.698086 46.625818 -0.003724 -0.004994 0.030128 0.999527
79.300000000 2.684994 4.704328 46.706747 -0.003498 -0.008646 0.032059 0.999442
79.400000000 2.720648 4.699004 46.926525 -0.003953 -0.008550 0.032237 0.999436
79.500000000 2.728428 4.739384 46.999724 -0.003626 -0.008479 0.032173 0.999440
79.600000000 2.780538 4.701523 47.291654 -0.004944 -0.010939 0.033136 0.999379
79.700000000 2.798657 4.707635 47.459737 -0.005163 -0.011664 0.033639 0.999353
79.800000000 2.830906 4.726627 47.688787 -0.005493 -0.007945 0.032526 0.999424
79.900000000 2.836445 4.752760 47.721733 -0.004694 -0.008974 0.033264 0.999395
80.000000000 2.869632 4.773387 47.862271 -0.004803 -0.007295 0.032878 0.999421
80.100000000 2.895645 4.775826 48.093162 -0.005524 -0.004696 0.032079 0.999459
80.200000000 3.028750 4.588142 49.062667 -0.008151 -0.000617 0.030808 0.999492
80.300000000 2.945795 4.787758 48.444502 -0.003250 -0.007515 0.032866 0.999426
80.400000000 2.993584 4.721589 48.846334 -0.005275 -0.006545 0.033111 0.999416
80.500000000 3.034825 4.790166 48.951537 -0.005017 -0.001531 0.031782 0.999481
80.600000000 3.115853 4.643725 49.698649 -0.009441 0.000583 0.031062 0.999473
80.700000000 3.097589 4.739803 49.551171 -0.007549 0.001494 0.031141 0.999485
80.800000000 3.144748 4.746183 49.862864 -0.008435 0.005936 0.029277 0.999518
80.900000000 3.199974 4.682355 50.249875 -0.005818 0.009448 0.028379 0.999536
81.000000000 3.163632 4.752009 50.136596 -0.007839 0.001246 0.030764 0.999495
81.100000000 3.183333 4.781450 50.255434 -0.008020 0.006016 0.029583 0.999512
81.200000000 3.182615 4.857431 50.170485 -0.007013 0.006113 0.029583 0.999519
81.300000000 3.256072 4.787583 50.727360 -0.009817 0.011348 0.027890 0.999498
81.400000000 3.251583 4.846871 50.699349 -0.009045 0.009001 0.028893 0.999501
81.500000000 3.301453 4.814910 51.132075 -0.011072 0.014693 0.027029 0.999465
81.600000000 3.399201 4.790018 51.750309 -0.014841 0.025523 0.023779 0.999281
81.700000000 3.338619 4.917556 51.307602 -0.010443 0.022045 0.024697 0.999397
81.800000000 3.385480 4.924875 51.636210 -0.011846 0.029168 0.022413 0.999253
81.900000000 3.431886 4.958570 51.887421 -0.012615 0.037439 0.019586 0.999027
82.000000000 3.487971 4.906812 52.368243 -0.015147 0.041373 0.018432 0.998859
82.100000000 3.513716 4.925581 52.579870 -0.015883 0.041915 0.018324 0.998827
82.200000000 3.562520 4.908927 52.944773 -0.017554 0.047111 0.016385 0.998601
82.300000000 3.603981 4.924104 53.252131 -0.019516 0.052844 0.014707 0.998304
82.400000000 3.647689 4.909745 53.642735 -0.021841 0.056139 0.013548 0.998092
82.500000000 3.714968 4.836195 54.350078 -0.025010 0.060377 0.011629 0.997794
82.600000000 3.700085 4.903958 54.173846 -0.024195 0.057266 0.013139 0.997979
82.700000000 3.695746 4.949329 54.221568 -0.025200 0.055551 0.013719 0.998044
82.800000000 3.770757 4.918743 54.945844 -0.029495 0.065987 0.009953 0.997335
82.900000000 3.879549 4.653889 56.297173 -0.030656 0.070076 0.007003 0.997046
83.000000000 3.907026 4.729300 56.423755 -0.034214 0.075133 0.005327 0.996572
83.100000000 3.901023 4.735939 56.462211 -0.033869 0.068942 0.007991 0.997014
83.200000000 3.906424 4.776503 56.516870 -0.033970 0.068360 0.008318 0.997048
83.300000000 3.912622 4.806517 56.604761 -0.034011 0.069282 0.007913 0.996986
83.400000000 3.952844 4.760989 57.189784 -0.036473 0.073883 0.005457 0.996585
83.500000000 3.952275 4.767008 57.195545 -0.035815 0.070746 0.006913 0.996827
83.600000000 3.951761 4.786045 57.240404 -0.035384 0.070936 0.006832 0.996830
83.700000000 3.950687 4.792311 57.330195 -0.035838 0.069413 0.007112 0.996919
83.800000000 3.968520 4.695906 57.793205 -0.036473 0.065062 0.008375 0.997179
83.900000000 3.984661 4.708924 58.017487 -0.038300 0.065892 0.008070 0.997059
84.000000000 3.978517 4.669904 58.048279 -0.037896 0.061301 0.009966 0.997350
84.100000000 3.985162 4.678511 58.204357 -0.038978 0.061592 0.009823 0.997292
84.200000000 3.978285 4.679491 58.103772 -0.038323 0.059803 0.010754 0.997416
84.300000000 3.977209 4.664265 58.222397 -0.038857 0.056213 0.012256 0.997587
84.400000000 3.995185 4.607821 58.667568 -0.038032 0.052530 0.013660 0.997801
84.500000000 3.985203 4.533359 58.665942 -0.036551 0.046106 0.015889 0.998141
84.600000000 4.002259 4.590154 58.945530 -0.039480 0.049038 0.014935 0.997905
84.700000000 3.985609 4.537579 58.816050 -0.038049 0.043670 0.017140 0.998174
84.800000000 3.977674 4.487157 58.945668 -0.037302 0.035864 0.019693 0.998466
84.900000000 3.980854 4.440336 59.203705 -0.037444 0.031722 0.021066 0.998573
85.000000000 3.978999 4.416475 59.414716 -0.037683 0.026948 0.022461 0.998674
85.100000000 3.979807 4.392258 59.653986 -0.038769 0.023149 0.024008 0.998691
85.200000000 3.978983 4.362973 59.852753 -0.039404 0.019131 0.025498 0.998715
85.300000000 3.973922 4.341255 60.066922 -0.039712 0.015558 0.026342 0.998743
85.400000000 3.978805 4.418818 60.238321 -0.040233 0.017346 0.025429 0.998716
85.500000000 3.979751 4.418874 60.468277 -0.038828 0.014104 0.026861 0.998785
85.600000000 3.978117 4.443587 60.690341 -0.040788 0.010847 0.027981 0.998717
85.700000000 3.978228 4.460830 60.925520 -0.042307 0.008643 0.028699 0.998655
85.800000000 3.985548 4.315338 61.059273 -0.042044 0.008912 0.028731 0.998663
85.900000000 3.983867 4.386475 61.405116 -0.046162 0.007907 0.028752 0.998489
86.000000000 3.980667 4.242393 61.202154 -0.037501 0.004091 0.030420 0.998825
86.100000000 3.967338 4.212155 61.541251 -0.036613 -0.006301 0.034199 0.998724
86.200000000 3.968242 4.182736 61.647818 -0.036280 -0.007207 0.034505 0.998720
86.300000000 3.950649 3.962352 61.467743 -0.030929 -0.023209 0.040600 0.998427
86.400000000 3.942082 3.915792 61.436639 -0.030652 -0.038125 0.046782 0.997707
86.500000000 3.943885 3.859196 61.482134 -0.030954 -0.048311 0.051047 0.997047
86.600000000 3.941478 3.911851 61.909579 -0.035755 -0.048530 0.051358 0.996859
86.700000000 3.941679 3.855677 62.003587 -0.033149 -0.056044 0.054602 0.996383
86.800000000 3.944158 3.820006 62.192424 -0.032702 -0.059223 0.055934 0.996140
86.900000000 3.939029 3.846658 62.300596 -0.032148 -0.058600 0.055497 0.996219
87.000000000 3.945604 3.774308 62.486994 -0.030986 -0.062570 0.057126 0.995922
87.100000000 3.947275 3.716515 62.586505 -0.027821 -0.065534 0.057990 0.995775
87.200000000 3.949368 3.702454 62.752803 -0.026878 -0.069433 0.059649 0.995439
87.300000000 3.945605 3.790648 63.087671 -0.028589 -0.059930 0.055813 0.996231
87.400000000 3.949515 3.716866 63.328599 -0.029084 -0.066137 0.058283 0.995682
87.500000000 3.944511 3.667666 63.387532 -0.027826 -0.071359 0.060024 0.995254
87.600000000 3.940429 3.652435 63.506839 -0.027966 -0.076286 0.062059 0.994760
87.700000000 3.941784 3.575763 63.863083 -0.027894 -0.078034 0.062232 0.994615
87.800000000 3.930492 3.628348 64.228148 -0.029822 -0.072769 0.060200 0.995084
87.900000000 3.922229 3.508143 64.758629 -0.031419 -0.077660 0.061316 0.994596
88.000000000 3.918209 3.372518 64.831507 -0.025402 -0.079974 0.061227 0.994590
88.100000000 3.919147 3.322952 64.943355 -0.025125 -0.083757 0.063206 0.994162
88.200000000 3.917315 3.287784 65.047935 -0.022884 -0.088511 0.064178 0.993742
88.300000000 3.920121 3.204033 65.118694 -0.020223 -0.091333 0.065575 0.993453
88.400000000 3.920421 3.033994 65.120246 -0.016065 -0.103348 0.070557 0.992009
88.500000000 3.912704 3.102030 65.285489 -0.017595 -0.103508 0.070938 0.991940
88.600000000 4.087165 4.347902 65.088563 -0.001713 -0.241407 0.023895 0.970128
88.700000000 3.923474 4.408287 65.240413 -0.002607 -0.236271 0.020709 0.971463
88.800000000 3.826363 3.169701 65.713971 -0.022280 -0.118126 0.076176 0.989822
88.900000000 3.883147 4.402684 65.238081 -0.002934 -0.245113 0.024569 0.969179
89.000000000 3.833225 4.345986 65.339091 -0.003490 -0.251273 0.027655 0.967515
89.100000000 3.744290 4.283026 65.504816 -0.003757 -0.256958 0.030605 0.965930
89.200000000 3.715395 4.262433 65.559224 -0.002855 -0.254651 0.030468 0.966549
89.300000000 3.653664 4.142131 65.711347 -0.002375 -0.255515 0.032084 0.966270
89.400000000 3.627964 4.116414 65.766267 -0.002655 -0.262145 0.035287 0.964379
89.500000000 3.576478 4.205921 65.880533 -0.002125 -0.253324 0.032977 0.966817
89.600000000 3.594303 4.145278 65.865758 -0.001644 -0.260939 0.036591 0.964660
89.700000000 3.574628 4.008104 65.908086 -0.000087 -0.266399 0.039215 0.963065
89.800000000 3.446130 3.913367 66.216163 0.001639 -0.258212 0.036852 0.965384
89.900000000 3.356798 3.891396 66.542744 0.005925 -0.240045 0.032985 0.970183
90.000000000 3.080214 4.008185 67.146263 0.004259 -0.216249 0.022727 0.976064
90.100000000 4.537554 3.703014 63.628783 -0.037078 -0.392283 0.206215 0.895664
90.200000000 9.586312 7.180366 59.419816 0.188573 -0.807836 0.044287 0.556669
90.300000000 10.805308 7.383839 59.467518 -0.114735 0.912380 0.009359 -0.392824
90.400000000 8.672160 7.759675 59.363167 0.256184 -0.756684 -0.031917 0.600650
90.500000000 8.652886 7.662914 59.117769 0.247232 -0.755770 -0.020813 0.606015
90.600000000 8.849710 7.658552 59.236939 0.255793 -0.767488 -0.036404 0.586691
90.700000000 8.411715 8.952869 58.824190 0.298515 -0.764781 -0.143964 0.552515
90.800000000 8.296923 8.660710 58.857160 0.287998 -0.762440 -0.128663 0.564967
90.900000000 10.453850 6.922493 59.371782 -0.085249 0.894873 -0.019112 -0.437687
91.000000000 11.893489 9.107340 67.710233 0.140539 0.718257 -0.049164 0.679661
91.100000000 11.991772 4.053977 67.810778 0.214168 0.859858 0.095119 0.453572
91.200000000 6.636875 3.681591 66.124869 0.260843 0.662395 0.008838 0.702222
91.300000000 1.948509 5.615886 63.419078 0.391646 0.040417 0.028461 0.918787
91.400000000 1.503677 8.711762 58.846097 0.088043 -0.160470 0.058548 0.981361
91.500000000 6.399291 13.899865 64.880107 0.136648 0.703390 -0.286835 0.635842
91.600000000 7.156561 14.423289 64.561620 -0.180466 0.720075 0.280958 0.608265
91.700000000 9.182704 16.422860 62.970386 -0.413495 0.734030 0.356979 0.403469
91.800000000 6.758494 16.348826 63.502315 0.629157 -0.481721 -0.595315 -0.133066
91.900000000 5.343826 16.563979 63.685057 -0.618165 0.211397 0.730200 -0.199977
92.000000000 6.224023 14.987320 64.716101 -0.503207 -0.059848 0.834197 -0.217523
92.100000000 6.135218 15.284966 64.705307 -0.492930 -0.053918 0.839503 -0.222142
92.200000000 7.450817 14.124540 64.440470 -0.485553 -0.037623 0.844684 -0.222107
92.300000000 6.736203 14.879668 64.483990 -0.500792 -0.042732 0.837133 -0.215848
92.400000000 6.913154 14.739359 64.439379 -0.499283 -0.040639 0.837928 -0.216659
92.500000000 7.062832 14.486924 64.478768 -0.494329 -0.041004 0.840360 -0.218522
92.600000000 7.516729 13.797626 64.478894 -0.495651 -0.043808 0.839365 -0.218807
92.700000000 7.695528 14.130435 64.340275 -0.475731 -0.034030 0.849286 -0.226350
92.800000000 6.511056 15.393323 64.507031 -0.474229 -0.040789 0.848817 -0.230114
92.900000000 6.994989 14.461900 64.522309 -0.495075 -0.043299 0.839667 -0.219055
93.000000000 7.643053 13.768360 64.449612 -0.490103 -0.039885 0.842029 -0.221800
93.100000000 7.017596 14.565690 64.478273 -0.493377 -0.041214 0.840866 -0.218690
93.200000000 6.899277 14.547800 64.524444 -0.497982 -0.043855 0.838413 -0.217151
93.300000000 7.059850 14.319179 64.526909 -0.497650 -0.045898 0.838257 -0.218090
93.400000000 6.806202 14.170616 64.617977 -0.518250 -0.056413 0.827265 -0.209445
93.500000000 7.065585 14.295348 64.517529 -0.499418 -0.045132 0.837489 -0.217156
93.600000000 7.411205 14.118224 64.444912 -0.488126 -0.038625 0.843291 -0.221587
93.700000000 7.317137 14.115187 64.481608 -0.490743 -0.043119 0.841605 -0.221390
93.800000000 7.303124 13.982145 64.499914 -0.498340 -0.047695 0.837515 -0.218976
93.900000000 7.349001 14.149244 64.448511 -0.490163 -0.040937 0.842328 -0.220338
94.000000000 7.393606 14.249625 64.411577 -0.484302 -0.037505 0.845380 -0.222211
94.100000000 7.543142 14.260629 64.364355 -0.472891 -0.032719 0.850803 -0.226797
94.200000000 7.468013 13.924967 64.450335 -0.491487 -0.044901 0.841146 -0.221130
94.300000000 7.252774 14.090286 64.456469 -0.501776 -0.045974 0.836484 -0.215411
94.400000000 7.318850 14.199063 64.424463 -0.491397 -0.041075 0.841938 -0.219048
94.500000000 7.461201 14.081520 64.394785 -0.489761 -0.039667 0.842747 -0.219858
94.600000000 7.381767 14.329828 64.373062 -0.482608 -0.036395 0.846401 -0.222196
94.700000000 7.461886 14.092110 64.372900 -0.491452 -0.040637 0.841949 -0.218965
94.800000000 7.625439 14.135092 64.317301 -0.479837 -0.034296 0.847822 -0.223109
94.900000000 7.466286 14.127928 64.354402 -0.490899 -0.039744 0.842390 -0.218673
95.000000000 7.729715 14.170654 64.273971 -0.470770 -0.031029 0.852298 -0.225833
95.100000000 7.365184 14.284483 64.391643 -0.479502 -0.043750 0.846779 -0.226120
95.200000000 7.742389 14.223029 64.232628 -0.471506 -0.030272 0.852083 -0.225210
95.300000000 7.348138 14.191313 64.427970 -0.479348 -0.045175 0.846660 -0.226608
95.400000000 7.338323 14.361980 64.383122 -0.473577 -0.041877 0.849560 -0.228515
95.500000000 7.368069 14.358197 64.367094 -0.472987 -0.040263 0.849992 -0.228422
95.600000000 7.552877 14.234962 64.379124 -0.455840 -0.045402 0.856451 -0.237993
95.700000000 7.240132 14.395738 64.510298 -0.448680 -0.054804 0.857294 -0.246436
95.800000000 8.273371 14.469890 64.187877 -0.392450 -0.027868 0.894292 -0.213188
95.900000000 8.227240 14.653949 63.785713 -0.395165 -0.003165 0.880305 -0.262484
96.000000000 9.993402 14.380812 62.596428 -0.217044 -0.039990 0.974862 0.030613
96.100000000 8.228815 13.885083 58.361731 -0.376242 -0.125354 0.906288 0.146183
96.200000000 7.910740 12.119021 61.235033 -0.424335 -0.026654 0.885304 -0.188323
96.300000000 7.438923 13.297756 58.258346 -0.216407 -0.236011 -0.584902 0.745222
96.400000000 7.396245 13.275193 58.553268 -0.200989 -0.218805 -0.592035 0.749148
96.500000000 7.418795 13.299589 58.600515 -0.199056 -0.215987 -0.594233 0.748741
96.600000000 7.066739 13.452035 59.028107 -0.174187 -0.191223 -0.597514 0.758993
96.700000000 7.650620 13.192686 59.307899 -0.015986 -0.040184 -0.681725 0.730329
96.800000000 9.867237 13.726071 57.853044 0.013688 -0.117390 -0.632144 0.765785
96.900000000 9.245810 13.628133 57.958020 0.021835 -0.110274 -0.633991 0.765126
97.000000000 7.346920 13.059981 58.686070 -0.010830 -0.081069 -0.619951 0.780366
97.100000000 11.248568 13.640466 59.473982 0.003907 0.015636 -0.718049 0.695806
97.200000000 9.739918 13.387362 59.377016 0.020631 -0.007607 -0.662175 0.749027
97.300000000 7.598698 13.034787 58.655212 -0.024997 -0.101844 -0.610162 0.785306
97.400000000 9.240579 13.619263 57.906850 0.020583 -0.116516 -0.635540 0.762948
97.500000000 7.098273 11.983172 56.545868 -0.128964 0.622265 -0.232272 0.736345
