9.100000000 0.000000 0.000000 -0.000000 -0.000000 0.000000 -0.000000 1.000000
9.700000000 -0.042045 -0.360787 0.320184 -0.004261 -0.000298 -0.001460 0.999990
10.100000000 -0.693027 2.252486 0.791031 -0.162879 0.044625 0.051458 0.984292
10.200000000 -0.705062 2.375339 0.818274 -0.160990 0.045058 0.051300 0.984591
10.600000000 -0.242736 -0.339287 0.539435 0.002733 0.025121 0.046105 0.998617
11.300000000 -0.045412 0.061760 -0.065424 -0.012557 0.000319 -0.001083 0.999921
11.700000000 -0.257717 -0.412590 1.313007 -0.024533 0.022389 0.045831 0.998397
11.800000000 -0.261569 -0.407690 1.357857 -0.024660 0.021435 0.045891 0.998412
11.900000000 -0.275752 -0.314022 1.321984 -0.033430 0.021323 0.046385 0.998136
12.000000000 -0.421967 1.604765 2.230155 -0.153194 0.020575 0.053036 0.986557
12.200000000 -0.089786 -0.605284 0.036419 0.010519 0.008458 0.026424 0.999560
13.100000000 -0.096460 -0.301121 0.579667 -0.018394 0.009085 0.027368 0.999415
13.200000000 -0.095557 -0.314796 0.550361 -0.015383 0.009132 0.027480 0.999462
13.300000000 -0.094267 -0.170634 0.727332 -0.021175 0.009294 0.027962 0.999341
13.500000000 -0.104275 -0.108083 0.680253 -0.021974 0.009250 0.028027 0.999323
13.900000000 -0.124918 0.034781 0.148805 -0.006563 0.007571 0.028670 0.999539
14.500000000 -0.169880 -0.319751 0.521301 0.010128 0.010363 0.041308 0.999041
14.900000000 0.030433 0.197263 -0.321376 -0.030375 0.029314 0.011960 0.999037
15.100000000 -0.053877 -0.792151 0.299816 0.015437 0.006325 0.037966 0.999140
15.200000000 -0.132675 -0.098598 -0.072527 0.036902 0.005472 0.050206 0.998042
15.400000000 -0.229314 -0.311490 0.770983 -0.011665 0.010030 0.055063 0.998364
15.500000000 -0.301356 -0.396850 0.006336 0.028633 0.005143 0.055910 0.998012
16.000000000 -0.553785 -1.362138 1.236644 -0.015978 0.008103 0.047881 0.998692
16.100000000 -0.675361 -0.824739 1.462180 -0.015728 0.009362 0.050276 0.998568
16.200000000 -0.752855 -1.170292 2.170323 -0.016951 0.006546 0.049997 0.998584
16.600000000 -1.186902 -2.239228 2.522484 -0.001063 0.007574 0.053234 0.998553
16.900000000 -1.615762 -0.675128 3.525988 -0.132559 0.012830 0.054902 0.989570
17.100000000 -1.594799 -2.611539 5.767649 0.004680 0.005370 0.042891 0.999054
17.300000000 -2.967707 -7.833591 20.114879 -0.054276 0.444115 -0.013999 0.894215
17.900000000 -2.227921 -9.079639 22.594829 -0.059343 0.478701 0.001151 0.875970
18.000000000 -3.186038 -7.390950 20.727850 -0.155106 0.479336 0.002778 0.863812
18.300000000 2.703391 -7.255518 17.149541 0.118903 0.908387 0.065109 -0.395546
18.400000000 1.484855 -16.877417 17.319417 0.235256 0.356265 0.760890 -0.488647
18.500000000 -1.843140 -13.246844 13.723231 -0.238829 0.860526 -0.445719 -0.061562
18.600000000 4.817143 -17.711464 16.681143 -0.181937 -0.213657 -0.376470 0.882904
19.000000000 0.787325 -23.463884 20.202133 -0.185525 -0.066985 0.260323 0.945159
19.100000000 -1.508505 -31.166589 18.798069 0.609095 0.414419 -0.490734 -0.465231
19.600000000 -3.959642 -26.718030 24.241625 0.680379 0.501464 0.423011 -0.326618
19.700000000 0.618665 -26.064937 28.044649 -0.235015 0.930841 0.251513 -0.122656
20.500000000 9.178821 -13.778964 22.823136 0.431673 0.732135 0.514631 -0.113102
20.800000000 7.928748 -11.916835 19.343656 0.482460 0.607801 0.628011 -0.058413
21.000000000 -0.929030 -25.838209 19.550560 0.469357 0.257805 0.841064 -0.076500
21.800000000 0.555011 -8.993653 21.761455 0.288528 0.869237 0.373680 0.146772
21.900000000 -2.525581 -19.008968 25.770370 0.267871 0.885006 0.378711 0.039850
22.000000000 11.175235 -15.325846 6.820092 0.324522 -0.550309 -0.180088 0.747940
22.500000000 -7.374338 20.715265 -18.080360 0.642075 0.023241 0.266929 0.718295
22.700000000 -20.412993 23.353438 -20.034708 0.713445 -0.397575 0.563652 0.123397
22.900000000 -19.745606 30.914469 -19.771765 0.979080 -0.082070 0.182785 0.035448
24.000000000 -13.535756 47.224525 -16.234716 0.892224 -0.221053 0.270546 0.286143
24.300000000 -11.208193 49.722884 -18.307006 0.945431 -0.074470 0.303182 -0.093249
24.800000000 -16.341251 42.804260 -13.629935 0.814344 -0.274523 0.249731 0.446224
25.000000000 -16.516751 47.317789 -11.648176 0.899130 -0.195413 0.296535 0.255825
25.100000000 -15.085848 45.824080 -13.142432 -0.751210 -0.126523 -0.292898 0.577829
25.300000000 -19.006977 47.069078 -8.892020 0.924271 -0.131000 0.355683 -0.045288
25.500000000 -19.362623 50.105291 -5.709507 -0.254915 -0.217071 -0.142449 0.931454
25.700000000 -20.529477 45.350285 -4.570064 0.912080 -0.196817 0.334926 -0.131140
25.900000000 -15.812366 49.007470 -1.218270 -0.579131 0.000253 -0.213579 0.786760
26.200000000 -36.112782 52.218536 4.113130 -0.577940 -0.349380 -0.334873 0.657099
26.700000000 -35.097328 51.859031 3.963570 -0.574373 -0.368766 -0.324561 0.654803
26.800000000 -37.946564 52.332018 5.739061 -0.581410 -0.337128 -0.383692 0.633315
27.200000000 -37.200443 52.968580 5.637415 -0.120012 -0.449587 -0.096373 0.879876
27.600000000 -36.977964 48.818788 6.355948 -0.091872 -0.628040 0.048122 0.771239
27.700000000 -31.878199 47.100874 5.078307 -0.296425 0.813996 0.308588 0.392831
27.800000000 -29.730611 43.498646 15.360540 -0.729391 0.398466 -0.161257 0.532175
28.200000000 -29.899993 43.333346 19.037093 0.764021 0.087314 0.459189 -0.444740
28.300000000 -28.642084 45.852306 19.291553 0.832618 -0.040979 0.441735 -0.331570
28.400000000 -31.066407 44.494059 11.660570 0.463715 0.776416 -0.128119 0.407102
29.100000000 -32.850537 46.086395 8.552622 0.805072 -0.344534 0.347605 -0.335152
29.300000000 -34.378684 45.109926 7.014641 0.949080 0.019139 0.310017 -0.052636
29.500000000 -34.386846 44.127504 6.926577 0.891599 0.055398 0.448332 0.031319
29.600000000 -34.261760 43.515069 6.970117 0.884485 0.041637 0.460932 0.059112
30.100000000 -35.268572 44.510917 7.558673 0.531197 -0.273259 0.486485 0.637567
30.400000000 -34.086077 45.615657 6.892890 0.908837 0.124371 0.207799 -0.339656
31.100000000 -31.706459 39.868095 7.818698 0.909930 0.224335 0.200040 -0.285807
31.200000000 -29.226347 38.765225 5.324556 0.936726 0.187619 0.212707 -0.205181
31.500000000 -33.539467 57.075662 3.054637 0.932371 -0.170323 0.315130 0.048662
31.700000000 -36.711196 59.957965 6.271735 0.376460 -0.445336 0.147780 0.798821
31.800000000 -38.876497 68.457826 7.334213 -0.510849 -0.376392 -0.315513 0.705559
32.100000000 -42.879268 55.931834 7.967587 -0.300630 -0.469096 -0.222878 0.799935
32.300000000 -36.161934 50.245038 6.858857 0.829867 0.226543 0.426624 -0.279269
32.600000000 -32.676581 49.252855 8.178943 0.974475 0.197925 0.020977 0.103847
32.700000000 -33.842821 50.044162 8.791617 0.977999 0.201957 -0.052184 0.002990
32.800000000 -37.881458 43.787261 3.020053 0.099510 -0.221585 0.907372 0.343037
33.200000000 -41.534203 45.557246 7.679703 0.410760 0.533945 -0.375971 0.636259
33.300000000 -41.286711 44.819651 0.114079 0.567344 0.572048 -0.416205 0.421491
33.400000000 -39.105212 41.302376 7.434861 0.640828 0.718389 -0.041716 0.267426
34.100000000 -35.166931 39.369541 10.262867 0.509449 0.843123 -0.024253 0.170345
34.500000000 -41.098225 43.790360 13.901076 -0.187463 0.473014 0.381658 0.771656
34.800000000 -40.767873 43.271966 10.402700 0.229137 0.820445 0.131765 0.506956
34.900000000 -43.747336 43.179039 9.010718 0.116551 -0.312089 -0.421016 0.843659
35.000000000 -43.318065 41.006950 3.281838 -0.143340 -0.105780 -0.561648 0.807970
35.100000000 -41.893136 43.841077 9.902887 -0.256308 -0.033247 -0.544509 0.797942
35.400000000 -46.024611 45.180616 22.591193 -0.449096 0.330462 -0.099530 0.824137
35.700000000 -48.748196 41.652117 30.643041 0.172497 -0.170869 -0.466847 0.850354
35.900000000 -44.665198 38.714078 30.190632 -0.213859 0.156284 -0.770579 0.579695
36.100000000 -50.768480 41.012931 32.325325 0.703161 -0.590673 -0.389420 -0.070866
36.200000000 -47.084143 41.623228 36.108754 0.689945 -0.362976 -0.610556 -0.139449
36.400000000 -49.440818 44.380672 43.922117 0.287548 0.415012 -0.436223 0.744842
37.300000000 -49.417185 48.991831 41.716281 0.322289 0.361784 -0.493932 0.721993
37.400000000 -47.709148 42.127273 44.741977 0.302114 0.406974 -0.518384 0.688750
37.500000000 -51.830236 43.228992 42.198076 0.106722 0.588292 -0.540208 0.592198
37.600000000 -52.539363 50.316984 43.338400 0.665866 -0.407267 -0.615029 0.111785
38.000000000 -49.933804 42.094211 45.436482 0.259039 0.457750 -0.686238 0.502434
38.100000000 -58.020412 41.234661 41.041165 -0.276754 0.360836 0.876797 0.156305
38.300000000 -44.787129 44.382661 47.889976 0.076884 0.841833 -0.419189 0.331190
38.400000000 -44.923979 45.414082 47.862383 0.059936 0.871984 -0.354165 0.332594
38.500000000 -43.992655 45.182963 46.856561 0.047923 0.893777 -0.290846 0.338044
38.800000000 -45.050167 44.021664 49.225861 -0.105073 0.926602 0.230514 0.277906
39.000000000 -49.931933 39.180415 46.640174 -0.351828 -0.422000 0.787151 -0.280227
39.200000000 -50.083736 38.575183 46.154835 0.701129 -0.388437 -0.597942 0.001071
39.400000000 -54.661367 43.694532 49.411349 -0.488123 0.039690 0.847740 -0.203711
39.800000000 -56.827319 45.896350 50.042538 -0.494899 0.117420 0.842706 -0.176449
40.100000000 -55.949775 42.351831 51.345394 -0.392358 0.671757 0.619292 0.106184
40.400000000 -55.473113 39.695790 52.450306 -0.317205 0.691522 0.639761 0.109013
41.200000000 -56.334651 26.925589 57.286383 -0.306845 0.775846 0.501216 0.229548
41.300000000 -53.890848 30.176878 53.856945 -0.327152 0.742473 0.542010 0.218931
41.500000000 -54.676825 30.018644 54.789084 -0.312270 0.782664 0.481579 0.240844
42.100000000 -54.733108 39.205333 51.096952 -0.306451 0.769481 0.518365 0.212804
42.400000000 -48.937358 34.814490 47.838755 -0.075391 0.899222 -0.060396 0.426695
42.500000000 -52.642987 30.853342 52.200424 0.036509 0.849805 -0.267282 0.452835
42.700000000 -50.501694 16.144136 57.254825 0.074418 0.905914 -0.349413 0.227360
43.000000000 -43.800841 29.672949 51.365353 0.080582 0.864691 -0.376579 0.322497
43.200000000 -40.744093 36.224549 45.554655 0.091414 0.912353 -0.227818 0.327649
43.300000000 -44.189101 31.034310 51.482776 0.213217 0.665441 -0.651029 0.296458
43.600000000 -41.591255 37.193615 46.064763 -0.307628 -0.331561 0.862208 -0.228099
43.700000000 -41.679255 38.160373 46.105454 -0.348132 0.126613 0.923386 -0.100661
43.900000000 -41.601634 36.804277 47.575767 -0.129572 0.449174 0.868860 0.162901
44.000000000 -56.823588 43.047657 43.826501 -0.156671 0.929913 0.264976 0.201254
44.100000000 -39.082877 42.502195 54.072983 0.001754 0.561691 0.494539 0.663273
44.300000000 -39.280558 41.195767 54.032866 0.489381 -0.417896 0.659977 -0.387684
44.500000000 -39.527027 41.426931 54.501889 0.452041 -0.347336 0.812430 0.122372
44.700000000 -38.688550 40.811783 55.080473 0.119434 0.275233 0.852465 0.428119
44.800000000 -35.984354 42.594434 53.527318 0.444586 0.701573 0.490795 0.263171
45.300000000 -35.506372 39.418583 43.452808 0.021705 -0.058398 0.947200 0.314533
45.400000000 -38.794189 41.607191 43.824911 0.055314 -0.067739 0.794334 0.601153
45.500000000 -32.119036 38.079102 40.263982 -0.297112 0.758656 0.576834 -0.058549
45.900000000 -18.461840 12.658162 45.011438 -0.369246 -0.315701 0.357894 0.797435
46.100000000 -12.734081 11.815374 42.783870 -0.685538 0.026235 0.016518 0.727376
46.200000000 -12.675441 12.653005 41.749624 0.267223 -0.008342 -0.053109 0.962134
46.400000000 -13.295189 12.036939 39.193294 0.832256 0.149191 0.013690 0.533764
46.600000000 -15.668436 20.318987 37.749387 0.685088 0.300862 0.049856 0.661552
46.800000000 -18.888870 10.864205 26.112061 0.640673 0.511693 0.351039 0.452195
46.900000000 -18.530631 12.121436 23.683018 0.745542 0.514170 0.424009 0.003585
47.000000000 -16.738404 13.029422 22.607700 0.583326 0.389275 0.704521 -0.108840
47.200000000 -22.562472 10.309657 23.564515 -0.275011 -0.286379 0.075617 0.914679
47.300000000 -24.338407 5.335192 27.249377 0.250139 0.576427 -0.109925 0.770116
47.400000000 -26.750363 6.416652 27.822945 -0.835689 -0.174598 -0.030223 0.519832
47.500000000 -26.920024 7.472740 30.672116 0.340717 -0.510239 -0.487381 0.621311
47.600000000 -27.042311 9.422289 38.854144 -0.831680 0.098608 -0.015219 0.546217
47.700000000 -24.693963 16.180739 43.097211 0.486047 0.827425 0.194427 -0.203282
