8.900000000 -0.000000 -0.000000 0.000000 -0.000000 -0.000000 0.000000 1.000000
9.000000000 -0.017025 0.268293 -0.005180 -0.014141 0.000557 0.000007 0.999900
9.100000000 -0.023412 0.315636 -0.088661 -0.012000 0.000659 -0.000377 0.999928
9.200000000 -0.027841 0.305691 -0.144983 0.000997 0.000431 -0.000379 0.999999
9.300000000 0.338671 -0.762519 2.067842 -0.016475 0.192908 0.285605 0.938587
9.700000000 2.569980 -0.324812 2.565595 0.333650 -0.187181 -0.288669 0.877674
10.100000000 0.542148 -1.447745 4.412472 0.097673 0.079621 -0.385084 0.914238
10.300000000 2.690394 -4.186090 5.854270 -0.089625 0.647957 0.696993 -0.293802
10.500000000 0.588113 -1.331823 2.152253 -0.136618 0.133815 0.272323 0.943011
10.700000000 -0.581535 -1.793604 4.632994 -0.020572 0.313724 0.500531 0.806612
11.200000000 -0.052436 -1.761812 4.998712 -0.017943 0.316737 0.498269 0.806898
11.400000000 -0.690374 -1.832221 4.516534 -0.018368 0.315554 0.499542 0.806564
11.900000000 -0.984632 -1.553880 5.691498 -0.042358 0.402336 0.591727 0.697273
12.300000000 -3.831089 -1.582398 2.204148 0.038090 0.313281 0.423936 0.848930
12.800000000 -2.939923 -2.001217 3.059779 0.053017 0.361915 0.513285 0.776367
12.900000000 -2.648466 -2.259086 2.039962 0.051940 0.438298 0.441957 0.780942
13.000000000 -2.769017 -2.111024 2.192067 0.048936 0.437362 0.443641 0.780706
13.200000000 -36.752508 -13.803347 20.397109 0.232846 0.777530 0.480410 0.332319
13.600000000 -39.154549 -13.603802 20.502846 0.339503 0.422757 0.739886 0.398225
13.700000000 -35.754867 -13.118553 20.453484 0.410299 0.136675 0.233939 0.870774
13.900000000 -34.038974 -13.948274 21.570158 0.410891 0.826416 0.285232 0.258549
14.300000000 -34.876347 -13.419689 20.970549 0.459492 -0.474432 0.498774 0.561253
14.700000000 -31.653086 -13.444471 21.394957 0.519633 0.303957 -0.533777 0.593863
14.800000000 -36.310292 -17.528399 15.671644 -0.660997 -0.115800 0.741037 0.023187
15.100000000 -33.667542 -15.941793 20.523617 -0.261436 -0.583267 -0.243017 0.729653
15.200000000 -37.659248 -14.604588 22.832172 0.511971 -0.243219 -0.113090 0.816052
15.400000000 -37.820181 -16.855392 21.288574 0.731461 -0.284307 0.063411 0.616533
15.500000000 -35.674812 -16.006214 20.029488 -0.100903 0.727941 -0.677629 0.027187
15.600000000 -33.952242 -20.191917 21.917180 0.312275 -0.405947 0.847902 -0.136943
15.700000000 -32.985579 -17.439219 27.462970 0.496923 0.858815 0.062927 -0.107443
15.800000000 -36.166327 -19.526966 31.770877 0.441070 0.683817 0.533479 0.230762
15.900000000 -44.893029 -23.410120 26.544644 0.693319 0.634308 -0.321364 0.116994
16.000000000 -32.434498 -21.073773 28.538495 -0.823856 -0.093114 0.206450 0.519585
16.300000000 -34.490137 -25.268924 37.526840 0.489505 0.782295 -0.383698 -0.034290
16.400000000 -37.539662 -26.502120 36.928747 0.559542 0.748830 -0.316630 -0.160970
16.500000000 -35.622585 -20.326249 30.669540 0.768697 0.239705 -0.553237 -0.213484
16.600000000 -35.517981 -24.682366 38.922958 0.892409 -0.043731 0.377010 0.244043
16.800000000 -23.840797 -25.631450 49.744810 0.507993 0.752299 -0.247212 -0.338932
16.900000000 -37.776663 -26.146832 34.505527 -0.357419 -0.695918 -0.243879 0.573126
17.700000000 -16.753691 -4.714935 45.032599 -0.446642 0.753765 0.481282 0.026777
17.800000000 -15.161940 -15.930395 39.535896 0.859584 0.023782 -0.353672 -0.368057
18.100000000 -13.520498 -13.435698 54.233483 -0.384444 0.466931 0.794356 0.056365
18.200000000 -8.672733 -9.175695 51.512133 0.090128 0.160765 -0.821054 0.540280
18.400000000 -7.976851 -9.812764 48.032348 0.003186 0.193389 0.353310 0.915294
18.500000000 -0.188172 -5.124692 50.904622 0.476368 0.071601 -0.356519 0.800525
18.600000000 -11.752218 -8.224806 45.252481 0.559950 -0.540762 -0.254184 0.573954
18.900000000 -18.453507 -12.128838 48.210309 0.659834 -0.651230 -0.193664 0.320955
19.000000000 -17.612219 -16.298816 47.413448 0.612929 -0.538844 -0.463764 0.344802
19.100000000 -23.186443 -5.401382 36.673118 0.683414 0.498762 -0.424082 -0.323010
19.400000000 -35.966615 -10.899567 44.821498 -0.293890 0.463438 0.126474 0.826352
19.500000000 -37.030805 -12.491155 46.141218 -0.088713 0.722775 0.066709 0.682111
19.600000000 -30.682316 -12.198512 50.426434 0.318383 0.565879 -0.073059 0.757017
20.200000000 -33.673729 -14.242363 46.854069 -0.431346 0.553522 -0.471296 0.534260
20.400000000 -47.197037 -17.859865 53.237451 0.779582 -0.267403 0.360659 0.436660
20.600000000 -29.686384 -29.039731 64.881404 0.276447 -0.314343 -0.751728 0.509578
20.700000000 -17.540241 -22.268128 71.532328 -0.541199 -0.337104 0.576468 0.511027
21.300000000 -16.249092 -27.798472 75.858276 -0.429105 0.837000 -0.323190 0.104151
21.600000000 -13.085749 -39.745976 70.198495 0.659933 -0.510253 0.529924 0.152681
21.700000000 -12.807706 -32.104772 90.060606 -0.579471 -0.319344 -0.005457 0.749802
21.800000000 -9.889794 -22.865938 71.289561 -0.288896 0.673965 -0.104170 0.671907
22.200000000 4.735995 -31.905308 83.165123 -0.337499 0.708804 -0.049835 0.617421
22.700000000 3.832133 -39.350371 78.189288 -0.206456 0.477489 -0.386037 0.761811
22.800000000 13.796470 -59.476690 92.873153 -0.703710 0.366052 0.218613 0.568336
22.900000000 -2.244362 -15.728116 80.874634 -0.489791 0.752578 0.380802 0.220728
23.200000000 1.944168 6.643359 26.039281 -0.299567 0.804627 -0.481475 -0.176114
23.300000000 -1.359808 1.110963 16.660582 0.454993 -0.176351 0.707668 0.510968
23.600000000 -15.095834 -3.717388 -5.262237 0.558671 0.524620 0.641441 0.034833
23.700000000 -17.242732 8.657225 -3.912125 -0.543839 0.714279 -0.144416 -0.416160
23.800000000 -25.520965 -13.285585 -4.987806 0.646424 0.407515 0.257786 0.591282
23.900000000 -21.031352 -17.613568 -27.265474 0.477274 0.400587 0.489479 0.610041
24.100000000 -0.022224 -16.071665 -23.319233 0.299573 0.934536 -0.152745 0.116480
24.200000000 1.055465 -17.227451 -30.101813 0.204743 0.958471 0.145716 0.134837
24.700000000 -0.129943 -16.090673 -27.497604 0.156846 0.958603 0.190274 0.142391
24.800000000 2.302016 -16.542743 -35.413819 0.127330 0.938578 0.284464 0.148117
25.400000000 -0.311040 -2.979475 -20.424845 0.009538 0.694003 0.709521 0.121859
25.500000000 -3.880924 -21.745331 -22.373499 0.078820 0.843717 0.500870 0.176231
26.300000000 -41.518236 -11.613383 21.872222 0.211463 0.367094 -0.103101 0.899942
26.800000000 -37.270463 -3.285131 24.651638 0.817209 0.026587 -0.392432 0.421260
26.900000000 -33.485319 3.816161 17.428438 0.383788 0.880815 -0.210679 0.180241
27.000000000 -22.129990 -3.813921 29.230533 0.022761 0.321023 0.942282 0.092363
27.100000000 -19.904256 -1.705328 35.512396 0.711317 -0.299488 -0.267041 0.577083
27.500000000 -18.242137 -2.153883 41.946660 0.427895 0.647040 0.395195 -0.492002
28.300000000 -31.282490 -10.739696 54.691798 0.504083 -0.110751 0.822174 0.240136
28.400000000 -29.456668 -12.026149 52.239425 0.485031 0.682177 0.304663 0.454489
28.500000000 -33.565405 -21.969815 47.471186 0.337117 0.385728 -0.015758 0.858672
28.900000000 -35.890376 -22.275819 48.443835 0.739998 0.387502 0.323883 0.444235
29.000000000 -36.278600 -21.912331 43.081697 0.114428 -0.056201 0.958782 -0.253940
29.400000000 -39.401143 -12.020687 45.036274 -0.398976 -0.028925 -0.026186 0.916131
30.200000000 -29.168915 -5.365988 54.736835 -0.110534 0.976650 -0.131805 -0.128702
30.500000000 -26.472065 -8.790039 57.956773 0.903802 0.336354 -0.258388 -0.056956
30.800000000 -19.712489 -11.102313 63.331247 -0.339507 -0.320325 0.862711 -0.194566
31.200000000 -19.984640 -18.096705 55.028158 -0.361568 0.682728 -0.522765 -0.360372
31.300000000 -26.037156 -6.703249 58.099195 -0.124901 0.807125 -0.349604 0.459048
32.200000000 -20.911630 2.058990 60.953490 -0.096336 -0.195944 0.975812 -0.010785
32.400000000 -20.240681 3.799148 61.822453 -0.110941 -0.140762 0.979992 -0.086571
32.700000000 -12.815503 -1.879241 71.724334 -0.410157 0.902205 -0.125865 -0.044214
33.100000000 -4.641948 -7.901717 65.695572 0.361928 -0.553970 0.739793 -0.121786
33.200000000 -6.323030 -8.340807 68.324115 -0.293894 0.620837 0.572169 0.448118
33.300000000 -3.727958 -6.315018 71.747973 0.966475 0.144291 -0.122988 -0.173146
33.400000000 -9.926247 -15.842051 64.097909 0.765012 0.489401 -0.269569 -0.320273
33.900000000 -7.391917 -12.054559 64.333786 0.155367 -0.701826 0.173599 0.673175
34.000000000 -12.209829 -16.144177 63.003742 -0.017887 -0.658763 0.009225 0.752081
34.100000000 -7.066805 -11.638055 71.381858 -0.424198 -0.018733 -0.650569 0.629655
34.200000000 -7.380957 -4.087744 68.346688 -0.574622 0.048670 0.576616 0.578753
34.900000000 -24.708906 -24.745959 58.145668 -0.445237 0.622422 0.583771 -0.271231
35.100000000 -34.866498 -26.884700 53.808925 -0.371593 0.245028 0.242706 0.861959
35.300000000 -29.591524 -40.541253 48.387200 0.655916 -0.115926 -0.587190 0.459937
35.700000000 -52.795601 -55.635386 48.330521 0.799974 -0.410211 0.393462 -0.192241
35.900000000 -48.560159 -38.851320 38.756652 0.216944 0.534865 0.659715 -0.481280
36.200000000 -52.569448 -52.957221 53.332312 0.680236 -0.559221 0.473729 -0.011485
36.600000000 -54.779124 -49.938254 55.468255 -0.558766 0.631270 -0.512556 0.162987
36.900000000 -56.426665 -56.180905 44.712676 -0.534237 0.817797 -0.148015 -0.154566
37.000000000 -51.420487 -53.352833 52.019178 -0.231338 -0.352698 -0.656732 0.625132
37.100000000 -57.500343 -52.700796 50.325467 0.587827 -0.520471 0.566482 -0.250335
37.800000000 -59.800094 -56.396699 57.536066 0.128997 -0.172024 -0.717030 0.663050
37.900000000 -62.256259 -55.340587 57.217402 -0.019692 0.100140 -0.780193 0.617158
38.300000000 -66.200375 -55.106085 54.368835 -0.455937 0.802749 -0.264778 -0.278583
38.400000000 -40.314216 -63.520073 54.777161 0.092027 -0.394347 -0.475582 0.780925
38.500000000 -49.382614 -71.256041 53.320711 0.631373 0.067433 0.135609 0.760547
38.800000000 -28.926736 -36.015441 52.977873 -0.310662 0.452326 -0.266962 0.792226
38.900000000 -31.317378 -40.324473 45.036167 0.496217 0.695843 -0.346460 -0.386700
39.000000000 -29.602504 -48.984646 44.182891 0.523539 0.281766 0.797664 0.101227
39.200000000 -31.713356 -40.574260 45.992539 0.029160 0.727433 -0.601418 0.329070
39.400000000 -38.536558 -30.568722 43.053210 -0.367205 0.791107 -0.451630 0.187993
39.500000000 -41.325189 -41.444370 53.187536 -0.071223 0.356486 0.871108 0.330176
40.100000000 -34.625436 -38.941049 53.865934 0.728890 0.023858 -0.023884 0.683798
40.500000000 -26.119041 -21.873164 53.165827 -0.051579 0.042242 -0.108158 0.991896
40.700000000 -16.001894 -27.536842 63.322143 0.027442 0.165240 -0.308059 0.936505
41.000000000 -13.781072 -33.817517 42.755767 -0.113591 -0.708195 -0.347854 0.603783
41.100000000 -17.203571 -38.284873 55.838789 0.186954 -0.292161 0.192210 0.918012
41.400000000 -19.203604 -44.193541 85.774980 -0.628439 -0.322387 0.688026 0.166585
41.500000000 -12.694479 -41.143561 74.859417 0.572293 0.578601 -0.570450 -0.110856
41.600000000 -26.364202 -47.782986 104.806987 -0.385743 0.349206 0.339880 0.783415
41.700000000 -22.253765 -58.958436 106.634626 0.905733 -0.049445 -0.413322 0.079796
42.700000000 2.945644 -87.679950 133.663649 -0.136912 -0.588848 0.585013 0.540622
42.900000000 1.516141 -93.277952 139.605369 -0.054102 -0.566291 0.603810 0.558391
43.300000000 1.132142 -86.423133 132.241879 0.253754 0.700305 -0.442286 -0.499565
43.600000000 11.406813 -86.570454 136.727664 0.677672 0.432141 -0.386485 -0.452377
44.000000000 21.193900 -90.125221 145.672748 0.731705 0.534707 -0.087381 -0.413595
44.100000000 7.082567 -86.697971 137.107454 0.405857 0.790557 -0.299525 -0.347254
44.300000000 -0.701696 -91.210517 138.477735 0.401689 0.783519 -0.335087 -0.335352
44.400000000 0.325825 -92.506619 142.030822 0.392618 0.761573 -0.393982 -0.332620
44.900000000 0.680700 -94.095959 145.880576 0.405926 0.812285 -0.285021 -0.306887
45.200000000 15.566641 -79.892245 130.116448 0.722086 0.621621 0.162202 -0.256649
45.300000000 19.534696 -86.866772 141.338696 0.691638 0.608199 -0.012660 -0.389320
45.800000000 12.800531 -87.598910 144.437800 0.332652 0.775133 -0.390917 -0.368370
46.300000000 5.000878 -89.718516 141.173132 0.342101 0.779361 -0.374158 -0.368197
46.400000000 3.099084 -92.287409 143.732419 0.281978 0.765469 -0.433648 -0.382747
46.500000000 3.396162 -87.029627 135.570430 0.347126 0.780671 -0.346083 -0.387665
46.800000000 15.105988 -82.715084 134.054132 0.497231 0.725553 -0.074626 -0.469857
47.000000000 18.143618 -80.398729 132.601367 0.625239 0.287006 0.711003 0.145530
47.200000000 14.938492 -83.508487 134.520320 0.661945 0.437444 0.608407 -0.017662
47.300000000 17.699710 -81.164298 133.389195 0.623153 0.657648 0.372758 -0.200579
47.400000000 19.596552 -79.461068 133.125558 0.585500 0.691065 0.374107 -0.199156
47.500000000 28.658571 -81.694515 137.830309 0.432426 0.766883 -0.061204 -0.470267
47.600000000 28.208833 -75.551944 131.432963 0.430879 0.751484 -0.163930 -0.471956
