9.100000000 -0.000000 -0.000000 -0.000000 -0.000000 -0.000000 0.000000 1.000000
9.200000000 -0.007107 0.000592 -0.092729 0.010436 0.000286 -0.000681 0.999945
9.600000000 -0.019567 -0.253716 0.685312 -0.006747 0.000087 -0.001893 0.999975
9.700000000 -0.027972 -0.235676 0.664678 -0.003573 -0.000286 -0.002782 0.999990
9.900000000 0.019933 -0.236869 0.676746 0.000261 -0.003702 -0.007709 0.999963
10.000000000 0.014243 -0.221149 0.673064 -0.000414 -0.004171 -0.007868 0.999960
10.500000000 0.043158 -0.036113 0.052425 -0.014297 -0.004544 -0.004869 0.999876
10.600000000 -0.007130 0.007527 -0.020803 -0.001837 0.000247 -0.000085 0.999998
10.700000000 -0.009701 0.000650 -0.111511 0.010596 0.000380 -0.000756 0.999944
10.900000000 0.043834 -0.009966 -0.031760 -0.004364 -0.003288 -0.006878 0.999961
11.200000000 0.046484 -0.306910 0.842363 0.006710 -0.003355 -0.006681 0.999950
11.400000000 0.000871 0.159004 -0.099783 0.006150 -0.000014 0.000084 0.999981
11.500000000 -0.027588 -0.239246 0.651117 0.000153 -0.000447 -0.002725 0.999996
11.600000000 0.038104 -0.361648 0.978331 -0.026817 -0.002782 -0.008397 0.999601
11.700000000 0.021881 -0.311026 0.874518 -0.013250 -0.003364 -0.008807 0.999868
11.800000000 0.021756 -0.270559 0.731900 -0.010387 -0.002925 -0.007856 0.999911
11.900000000 0.024873 -0.328909 0.653410 0.017398 -0.003228 -0.007407 0.999816
12.100000000 0.033595 -0.313159 0.763455 -0.001190 -0.003432 -0.007486 0.999965
12.500000000 0.045357 -0.065804 0.141890 -0.008899 -0.004312 -0.005960 0.999933
12.600000000 0.041417 -0.063109 0.116609 -0.012473 -0.004381 -0.005082 0.999900
12.700000000 -0.006899 -0.005656 0.001938 -0.002712 0.000284 -0.000129 0.999996
12.900000000 0.049371 -0.335973 0.849055 0.001810 -0.003347 -0.006934 0.999969
13.100000000 0.021793 -0.251542 0.670347 -0.001487 -0.003768 -0.007663 0.999962
13.400000000 0.011223 -0.247157 0.652144 -0.001749 -0.004492 -0.008198 0.999955
13.700000000 0.029981 -0.188780 0.515170 0.000805 -0.004325 -0.006708 0.999968
13.800000000 0.032335 -0.164510 0.473362 0.008295 -0.004637 -0.006481 0.999934
13.900000000 0.032671 -0.157264 0.445219 0.010052 -0.004700 -0.006063 0.999920
14.100000000 0.021723 0.024290 -0.033753 0.000359 -0.004975 -0.001489 0.999986
14.200000000 0.015523 -0.015231 -0.207507 -0.009160 -0.004078 -0.003066 0.999945
14.300000000 0.033960 -0.050884 0.034330 -0.011115 -0.004902 -0.004510 0.999916
15.300000000 -0.102588 -0.623839 0.945705 0.013963 -0.001570 0.022948 0.999638
15.700000000 -0.320664 0.322898 0.921427 0.003431 -0.000763 0.025918 0.999658
15.800000000 -0.395750 -0.033559 0.810469 -0.005629 -0.001698 0.025010 0.999670
16.000000000 -0.566517 -0.712179 0.709468 0.033912 -0.003477 0.025162 0.999102
16.200000000 -0.755395 -0.528714 1.076374 0.041704 -0.004730 0.026189 0.998776
16.300000000 -0.835713 -0.023767 0.805414 -0.049772 -0.000692 0.026704 0.998403
16.500000000 -1.037590 0.315263 0.020969 -0.066332 0.001901 0.027641 0.997413
16.700000000 -1.283674 -0.144474 -0.067041 0.018164 -0.001552 0.028128 0.999438
16.900000000 -1.544189 -0.359628 0.147591 0.029697 -0.002427 0.027037 0.999190
17.000000000 -1.625689 -0.145798 0.210243 -0.016923 -0.000936 0.024791 0.999549
17.900000000 -2.870241 1.604252 -1.541959 -0.294881 0.011790 0.028785 0.955028
18.100000000 -3.172425 0.618279 -1.550085 -0.013719 -0.001793 0.028598 0.999495
18.400000000 -3.586135 -0.037317 -1.664070 0.162351 -0.020599 0.035035 0.985896
18.500000000 -3.701445 -0.370793 -1.285252 0.205932 -0.035354 0.039548 0.977127
18.800000000 -4.217695 -1.504326 -0.933078 0.406928 -0.068630 0.034872 0.910211
18.900000000 -4.409639 -1.740905 -0.314209 0.238928 -0.056214 0.046918 0.968273
20.100000000 -6.061081 0.483315 1.512667 -0.772657 0.060945 0.056331 0.629376
20.200000000 -6.166706 0.458333 1.812066 -0.791713 0.062583 0.054194 0.605258
20.300000000 -6.261970 0.616233 2.045655 -0.777435 0.061583 0.053756 0.623628
20.500000000 -6.465041 1.008312 2.346083 -0.766280 0.062134 0.052905 0.637303
20.800000000 -6.771654 1.006929 2.770959 -0.758386 0.064349 0.051503 0.646573
21.000000000 -6.979328 0.565986 2.988463 -0.782422 0.069564 0.048646 0.616937
21.300000000 -7.102964 0.347779 3.434983 -0.778440 0.066379 0.041640 0.622809
21.700000000 -7.345807 0.077718 4.088012 -0.740882 0.067237 0.037572 0.667204
21.900000000 -7.486751 -0.371807 4.525678 -0.739633 0.071420 0.034964 0.668296
22.000000000 -7.541868 -0.796092 4.459173 -0.777463 0.076080 0.029074 0.623632
22.200000000 -7.663897 -0.738220 4.556549 -0.808236 0.082620 0.027120 0.582403
22.600000000 -7.892462 -1.106057 5.826667 -0.771719 0.097491 0.035045 0.627469
22.800000000 -7.551127 -0.786499 6.074958 -0.725071 0.070451 0.026041 0.684566
22.900000000 -7.649623 -0.892113 6.250201 -0.727472 0.078594 0.026545 0.681104
23.100000000 -7.243919 -0.054646 6.617842 -0.796715 0.064316 0.016962 0.600683
23.300000000 -6.970668 1.146291 7.230499 0.919098 -0.035778 -0.049168 -0.389310
23.400000000 -7.013977 0.665921 7.859419 0.887050 -0.042122 -0.050777 -0.456936
23.700000000 -6.961683 0.115864 8.735727 0.913730 -0.051247 -0.044842 -0.400574
23.800000000 -6.942896 0.598117 8.289066 0.958566 -0.051303 -0.047631 -0.276135
24.100000000 -6.845949 0.828740 8.484984 -0.831424 0.069974 0.021676 0.550789
24.200000000 -6.836914 2.543899 9.029498 0.989412 -0.083237 -0.019219 -0.117327
24.800000000 -7.026771 10.053674 13.203655 -0.664565 0.019976 -0.045276 0.745590
25.000000000 -6.742061 9.791612 15.178358 -0.517794 0.026783 0.008297 0.855045
25.200000000 -6.715696 9.622677 16.491704 -0.556165 0.049696 0.004703 0.829572
25.300000000 -6.550972 10.418752 17.579107 -0.842660 0.052396 -0.020584 0.535495
25.600000000 -6.669323 11.855587 19.371176 -0.338013 -0.000005 -0.044850 0.940072
25.700000000 -6.460797 12.161925 19.206777 -0.259509 0.017470 -0.072914 0.962826
25.800000000 -6.538867 14.305888 16.724122 -0.046851 0.094643 -0.520076 0.847566
26.000000000 -8.711867 13.916124 17.433415 -0.046805 0.128528 0.024183 0.990306
26.200000000 -8.912965 13.872839 17.416656 -0.114255 0.089860 0.077253 0.986358
26.300000000 -8.892562 13.794760 17.325440 -0.164349 0.125304 0.056744 0.976764
26.500000000 -6.356240 12.588095 18.225304 -0.063091 -0.168069 -0.401896 0.897915
26.900000000 -8.375453 12.852641 22.972332 -0.004926 -0.067116 0.010587 0.997677
27.100000000 -8.307656 12.962434 22.195864 -0.209017 0.018183 0.024368 0.977439
27.600000000 -7.144054 12.332973 21.521374 -0.315612 0.171211 0.131155 0.924053
28.400000000 -6.422494 9.853031 21.243866 -0.472147 -0.271948 0.084010 0.834304
28.800000000 -6.950542 10.265019 22.795407 -0.597772 -0.292393 0.140673 0.733066
29.100000000 -5.310486 8.943309 21.914556 0.877334 0.105043 0.071183 -0.462801
29.400000000 -4.157505 7.445221 19.963883 -0.360774 0.047048 0.014669 0.931350
29.600000000 -2.497255 8.027430 18.645059 -0.115110 -0.391799 0.154523 0.899648
29.700000000 -2.804842 8.122840 18.571303 0.049420 -0.565267 0.058622 0.821337
29.800000000 -4.204663 9.399523 18.229074 -0.284919 -0.010909 -0.088914 0.954356
30.000000000 -0.931677 11.504602 19.017599 -0.289314 0.609179 0.043056 0.737119
30.100000000 -0.940272 11.646102 18.951518 -0.284568 0.593466 0.042943 0.751648
30.400000000 -0.894707 11.847293 18.919307 -0.264483 0.569559 0.027455 0.777752
30.700000000 -0.798714 11.975208 18.835354 -0.190552 0.560900 -0.065127 0.803019
31.000000000 -0.068512 11.979456 18.958796 -0.255561 0.497849 0.014050 0.828636
31.100000000 0.172681 12.253968 18.963955 -0.249947 0.490477 0.021820 0.834556
31.400000000 -0.593013 12.220141 18.809108 -0.245631 0.572000 0.086587 0.777808
31.600000000 -0.149278 12.295869 18.880600 -0.262784 0.581072 0.021914 0.769948
31.700000000 0.187603 12.370429 18.999815 -0.282663 0.565854 0.053053 0.772720
31.800000000 0.299785 12.455924 19.073361 -0.207735 0.547604 0.010210 0.810476
31.900000000 0.801210 12.597456 19.250122 -0.294944 0.553557 0.057986 0.776673
32.000000000 0.146324 12.607942 18.844508 -0.291745 0.572273 0.073874 0.762844
32.200000000 0.223847 12.751637 18.893647 -0.194287 0.568479 0.031690 0.798799
32.300000000 0.226191 12.701466 18.822732 -0.208658 0.556735 0.025754 0.803644
32.400000000 -0.241221 12.822200 18.597288 -0.297479 0.552517 0.074617 0.775025
32.700000000 0.053904 14.191985 18.544865 -0.291746 0.587256 0.116922 0.745884
32.800000000 0.481792 14.460070 18.540806 -0.259169 0.549749 0.049917 0.792538
33.100000000 0.150571 14.577453 18.423672 -0.333933 0.581664 0.088231 0.736458
33.400000000 -0.329390 14.774557 18.299473 -0.379369 0.576833 0.140000 0.709749
33.500000000 0.493536 14.808432 18.568025 -0.302960 0.590204 0.075767 0.744402
33.700000000 0.976843 14.960779 18.716534 -0.152902 0.591748 -0.047940 0.790036
33.900000000 0.700670 15.671143 18.479116 -0.321547 0.598741 0.117220 0.724138
34.200000000 1.447035 16.444065 18.707846 -0.499798 0.586495 0.252432 0.585238
34.300000000 1.861134 17.169479 18.692244 0.616453 -0.547856 -0.356230 -0.439249
34.400000000 3.609855 18.427208 18.841657 -0.490975 0.617939 0.274136 0.549496
34.500000000 2.037333 16.305244 18.993185 -0.106550 0.583032 -0.060958 0.803122
34.600000000 0.523448 14.548984 19.031262 -0.260016 0.575013 0.047480 0.774272
34.700000000 0.581109 13.691541 19.478460 -0.333424 0.582567 0.179159 0.719268
34.800000000 0.672245 13.716967 19.547141 -0.325613 0.578646 0.168403 0.728550
35.000000000 1.642559 14.044059 19.950348 -0.407255 0.577239 0.232196 0.668598
35.600000000 2.013154 13.642493 20.444778 -0.112628 0.572644 -0.000376 0.812031
35.700000000 2.502647 13.753283 20.694973 -0.307238 0.579616 0.142852 0.741109
35.800000000 2.996119 13.477703 20.932641 -0.498232 0.545664 0.283840 0.611106
36.000000000 3.281124 12.507533 21.382480 0.037406 0.552858 -0.132066 0.821893
36.300000000 1.220093 13.290279 20.344816 0.600942 0.306919 -0.437687 0.594222
36.400000000 1.041710 13.627936 20.204669 0.637388 0.266094 -0.477547 0.543028
36.500000000 -0.020207 12.425629 20.228242 0.449562 0.408549 -0.375789 0.699832
36.600000000 -0.386160 11.665302 20.321957 0.752813 0.082482 -0.540602 0.366359
36.700000000 -0.549809 11.447593 20.394798 0.705618 0.125498 -0.536443 0.445625
36.800000000 -0.933600 11.139785 20.553019 0.673103 0.147545 -0.519709 0.505040
36.900000000 -2.581387 10.507980 20.307686 0.671932 0.129851 -0.520727 0.510382
37.000000000 -4.507687 9.725265 19.850145 0.612460 0.198408 -0.518550 0.562702
37.300000000 -6.417352 10.158921 19.178721 0.724163 -0.054991 -0.657948 0.199169
37.500000000 -6.346103 10.713003 19.098739 0.711512 -0.149446 -0.679892 0.095724
37.800000000 -5.003577 10.706268 19.419622 0.715462 -0.294691 -0.631772 -0.046213
38.100000000 -5.078763 11.008908 19.489804 0.696470 -0.103483 -0.667535 0.242109
38.500000000 -6.031960 11.389928 19.195925 0.688835 -0.069290 -0.681671 0.236706
38.600000000 -6.439345 12.237411 19.008648 -0.662918 0.009942 0.688894 -0.293028
38.800000000 -4.918121 12.331073 19.039643 0.655487 -0.443806 -0.592229 -0.150461
39.400000000 -6.367032 8.010988 19.664124 0.245298 0.522562 -0.346835 0.739231
39.500000000 -6.463357 8.034283 19.886792 0.294884 0.486890 -0.361792 0.738301
39.600000000 -6.466096 7.967665 19.935992 0.298503 0.483350 -0.362099 0.739022
39.800000000 -6.605766 8.122380 19.808055 0.331253 0.467779 -0.386735 0.722420
40.100000000 -6.503631 8.604672 19.733317 0.363489 0.457940 -0.389669 0.711565
40.300000000 -6.550508 8.830382 19.652201 0.373227 0.457292 -0.389004 0.707292
40.600000000 -5.930354 8.467401 20.096001 0.454199 0.396330 -0.405404 0.687221
40.800000000 -5.105837 7.990399 20.418596 0.156416 0.544699 -0.215503 0.795233
41.000000000 -3.834275 8.567957 20.259862 0.197938 0.487634 -0.276860 0.803979
41.700000000 -1.262923 10.796918 21.210359 -0.230579 0.621640 0.141667 0.735069
42.100000000 -0.550887 11.448427 20.037693 0.614822 -0.535570 -0.304219 -0.492553
42.200000000 -0.564909 10.745157 20.218277 0.672626 -0.505898 -0.350460 -0.410876
43.200000000 -3.985283 10.969332 25.341643 -0.158982 0.635442 0.004942 0.755588
43.300000000 -4.300697 10.597708 25.358797 -0.125776 0.635776 -0.016342 0.761382
43.700000000 -4.475948 11.719803 24.893243 -0.354755 0.611452 0.181006 0.683749
43.900000000 -4.657176 11.746226 24.745832 -0.361344 0.609215 0.180968 0.682304
44.200000000 -4.922620 12.093117 24.684914 -0.458928 0.591870 0.298874 0.591397
44.500000000 -4.825926 12.924210 24.343032 0.639321 -0.471242 -0.422710 -0.436482
44.900000000 -5.208722 13.818471 23.939039 0.721324 -0.377231 -0.481278 -0.325209
45.100000000 -5.735183 14.195965 23.802675 0.739054 -0.356059 -0.516346 -0.245780
45.200000000 -7.647416 14.266122 23.283913 0.793969 -0.111890 -0.590527 0.091499
45.500000000 -11.145529 12.252580 22.803643 0.802229 -0.130379 -0.577355 0.078041
45.600000000 -10.847777 12.364497 22.814313 0.804039 -0.123564 -0.577897 0.065486
45.800000000 -11.368188 10.350684 22.891422 0.735375 0.134368 -0.564115 0.350631
45.900000000 -10.848718 10.360973 23.009413 0.742071 0.125884 -0.572148 0.325777
46.200000000 -10.930343 9.882789 23.017678 0.787926 -0.142369 -0.598318 -0.030306
46.300000000 -11.063989 9.714879 22.956979 0.754605 -0.281432 -0.550199 -0.220564
47.000000000 -10.922562 10.581056 23.168186 -0.263538 0.634727 0.143470 0.712099
47.200000000 -10.460336 10.288275 23.292799 -0.076524 0.639414 -0.011510 0.764958
47.600000000 -9.610567 9.143422 23.624255 0.102236 0.582563 -0.173788 0.787379
