8.900000000 0.000000 -0.000000 0.000000 -0.000000 -0.000000 -0.000000 1.000000
9.500000000 0.001366 -0.197667 0.494360 -0.003974 -0.000136 -0.001581 0.999991
9.600000000 0.119035 -0.100110 0.308762 -0.012981 -0.011706 -0.021894 0.999607
10.000000000 0.122858 -0.070377 0.233390 -0.003224 -0.011126 -0.021445 0.999703
10.200000000 0.121672 -0.049143 0.172564 -0.004799 -0.010432 -0.018078 0.999771
10.300000000 0.118489 -0.032104 0.123672 -0.008211 -0.010748 -0.016586 0.999771
10.500000000 0.121191 0.043968 -0.122129 -0.003764 -0.010628 -0.015291 0.999820
11.200000000 0.111190 -0.172982 0.437993 -0.004830 -0.008424 -0.017214 0.999805
11.300000000 0.099448 -0.115090 0.333639 0.002517 -0.008657 -0.013831 0.999864
11.700000000 0.082338 -0.272974 0.742445 -0.003787 -0.004504 -0.009633 0.999936
11.900000000 0.101056 -0.250999 0.678007 -0.004168 -0.005129 -0.016949 0.999835
12.600000000 0.119388 0.030484 -0.097981 -0.006232 -0.010784 -0.015176 0.999807
12.800000000 0.122514 0.119135 -0.267964 -0.005426 -0.010898 -0.015349 0.999808
12.900000000 0.111131 -0.194068 0.501305 -0.005456 -0.006930 -0.016801 0.999820
13.300000000 -1.875266 -1.534879 3.363395 -0.006999 -0.047772 -0.015410 0.998715
13.400000000 -1.874760 -1.545227 3.362732 -0.021810 -0.048074 -0.016467 0.998470
14.200000000 -2.073388 -2.415221 5.426347 0.003748 -0.072784 -0.030153 0.996885
14.300000000 -2.212043 -2.732359 6.171423 -0.010624 -0.075368 -0.027636 0.996716
14.400000000 -2.219028 -2.698124 6.161937 -0.020583 -0.075073 -0.027400 0.996589
14.600000000 -2.258311 -2.826160 6.360125 -0.020836 -0.075242 -0.027263 0.996575
14.700000000 -2.337809 -3.015245 6.835358 0.003549 -0.075120 -0.028774 0.996753
14.900000000 -2.417989 -3.151027 7.129677 -0.005547 -0.069931 -0.011664 0.997468
15.200000000 -2.474977 -3.048749 7.052856 -0.018304 -0.076549 0.008562 0.996861
15.300000000 -2.523520 -3.123068 7.108368 -0.025191 -0.073105 0.008130 0.996973
15.500000000 -2.622562 -3.335591 6.996018 0.000033 -0.073298 0.010407 0.997256
15.600000000 -2.760885 -3.271153 7.602898 -0.017352 -0.072083 0.007700 0.997218
15.700000000 -2.749047 -3.068960 7.197702 -0.006640 -0.072522 0.007722 0.997315
16.200000000 -3.238299 -3.176754 7.640237 0.035858 -0.075151 0.011391 0.996462
16.300000000 -3.296255 -3.232626 7.396819 0.012372 -0.073673 0.008711 0.997168
16.500000000 -3.412558 -3.048512 6.946479 -0.000205 -0.072176 0.007299 0.997365
16.600000000 -3.505880 -2.933577 6.840323 0.005258 -0.073150 0.008503 0.997271
16.900000000 -3.793402 -2.679410 6.358195 -0.028202 -0.071416 0.007107 0.997022
17.300000000 -4.416306 -2.920742 6.939842 0.003467 -0.072223 0.008442 0.997347
17.600000000 -4.890829 -3.019710 7.151339 -0.015201 -0.071542 0.008454 0.997286
17.800000000 -5.136728 -2.901919 6.944609 -0.017117 -0.071609 0.008430 0.997250
17.900000000 -5.239578 -2.857863 6.779037 -0.009429 -0.072349 0.008023 0.997303
18.000000000 -5.445743 -2.960508 7.013729 -0.005873 -0.073025 0.009453 0.997268
18.200000000 -5.742343 -2.977478 7.047525 -0.009900 -0.072889 0.008925 0.997251
18.700000000 -6.457016 -2.848180 6.652127 -0.011216 -0.106857 0.042755 0.993291
18.900000000 -6.721316 -2.852050 6.570774 -0.012801 -0.105645 0.042061 0.993432
19.000000000 -6.923186 -2.988415 6.714544 -0.042062 -0.100740 0.041704 0.993148
19.100000000 -7.202902 -3.309525 7.360213 -0.017944 -0.101138 0.041860 0.993829
19.300000000 -7.573706 -3.708111 7.954185 -0.022355 -0.097866 0.039511 0.994164
19.500000000 -8.035117 -4.292050 8.956485 -0.068610 -0.090950 0.034285 0.992897
19.800000000 -8.582739 -5.017570 9.876716 -0.045349 -0.090646 0.031146 0.994362
19.900000000 -8.712368 -5.173059 10.068872 -0.021983 -0.092365 0.029829 0.995036
20.000000000 -8.900110 -5.395491 10.146904 -0.007433 -0.092629 0.032716 0.995135
20.200000000 -9.118405 -5.669260 10.219810 -0.061520 -0.084925 0.026376 0.994136
20.600000000 -9.459223 -6.179356 10.284150 -0.040137 -0.085045 0.018724 0.995392
21.000000000 -9.970697 -7.032189 10.452302 -0.034605 -0.082879 0.019991 0.995758
21.400000000 -10.333147 -7.791457 10.517701 -0.043230 -0.082153 0.018077 0.995518
21.500000000 -10.251635 -7.684459 9.813029 -0.033791 -0.081890 0.018090 0.995904
21.600000000 -10.210949 -7.612242 9.215579 -0.024649 -0.081802 0.018628 0.996170
21.700000000 -10.195162 -7.705482 8.981447 0.003794 -0.082776 0.017392 0.996409
21.900000000 -10.305399 -7.946072 8.628667 -0.012110 -0.083866 0.021021 0.996182
22.300000000 -10.344077 -8.495324 7.932036 0.006192 -0.088999 0.019710 0.995817
22.400000000 -10.272271 -8.617550 7.744681 0.026220 -0.091279 0.015922 0.995353
22.700000000 -10.172604 -8.855074 6.907089 -0.001347 -0.094814 0.013060 0.995408
22.800000000 -10.006573 -8.734112 6.078473 -0.050749 -0.091211 0.009083 0.994496
23.200000000 -9.977065 -9.249031 5.263885 -0.049285 -0.088215 0.017593 0.994726
23.300000000 -9.974496 -9.516147 5.434863 -0.027639 -0.087330 0.016896 0.995653
23.400000000 -10.172757 -10.078139 6.221235 0.010689 -0.090348 0.019856 0.995655
24.000000000 -10.451187 -13.013195 7.954437 0.038524 -0.092514 0.018174 0.994800
24.600000000 -10.400540 -15.261102 8.393741 0.120944 -0.108249 0.044895 0.985718
25.500000000 -9.704293 -17.639740 7.080821 0.217690 -0.096157 0.115792 0.964343
25.800000000 -9.494429 -17.980288 6.840490 0.239698 -0.072104 0.122895 0.960335
26.100000000 -9.092311 -18.370563 6.008665 0.266505 -0.045842 0.141930 0.952224
26.400000000 -8.684227 -18.118915 4.504695 0.357293 -0.020124 0.156906 0.920499
26.600000000 -8.495471 -18.288500 4.121988 0.368674 -0.025002 0.184790 0.910663
27.000000000 -8.275439 -18.086957 3.881150 0.360578 0.001891 0.143469 0.921627
27.400000000 -7.821389 -18.186739 3.033068 0.413868 -0.019554 0.133786 0.900240
27.500000000 -7.721906 -18.505491 3.067842 0.352550 -0.014280 0.129792 0.926638
27.600000000 -7.640876 -18.587907 2.913083 0.382068 -0.022395 0.148390 0.911868
27.800000000 -7.464970 -18.444817 2.488016 0.463806 -0.026957 0.123625 0.876855
27.900000000 -7.470964 -18.999184 2.643840 0.475621 -0.036067 0.103289 0.872820
28.000000000 -7.413223 -19.093456 2.593298 0.432431 -0.034778 0.100894 0.895329
28.900000000 -8.090863 -19.228403 3.101969 0.075203 -0.322525 0.936724 -0.113446
29.000000000 -8.156639 -19.257419 2.995518 0.077412 -0.337948 0.931947 -0.106176
29.100000000 -8.284622 -19.220335 2.785697 0.076234 -0.331450 0.933211 -0.115960
29.600000000 -8.555324 -19.239080 1.892629 0.098524 -0.356331 0.923354 -0.103626
30.200000000 -8.722937 -19.467923 1.611465 0.097709 -0.370381 0.922326 -0.050842
30.500000000 -8.704807 -19.539234 1.563160 0.115726 -0.342009 0.929273 -0.078029
31.000000000 -8.721123 -20.003036 2.468033 0.092190 -0.328493 0.930916 -0.130345
31.100000000 -8.717200 -20.068468 2.614082 0.108224 -0.330740 0.927142 -0.138951
31.200000000 -8.701294 -20.163109 2.776040 0.110752 -0.320710 0.930271 -0.139549
31.300000000 -8.574703 -20.445259 3.344877 0.101809 -0.328569 0.928663 -0.138787
31.400000000 -8.548401 -20.477893 3.443857 0.097690 -0.351779 0.923000 -0.121573
31.500000000 -8.515575 -20.607355 3.733310 0.070174 -0.329732 0.929512 -0.149531
31.700000000 -8.324140 -20.887657 4.324082 0.067514 -0.328773 0.936816 -0.098624
32.300000000 -8.167236 -21.297676 4.960266 0.049822 -0.321413 0.936764 -0.129172
32.800000000 -7.763523 -22.084759 6.789041 0.036826 -0.306715 0.942195 -0.129763
32.900000000 -7.729006 -22.118462 6.883792 0.031408 -0.244111 0.957240 -0.152034
33.000000000 -7.706292 -22.008529 6.900951 0.047578 -0.317087 0.935893 -0.145933
33.300000000 -7.716768 -21.624848 7.109277 0.048541 -0.351027 0.924202 -0.142385
33.800000000 -7.717012 -21.703142 6.108508 0.046341 -0.345998 0.920358 -0.176293
34.000000000 -7.631797 -21.731600 5.861213 0.042331 -0.359094 0.915853 -0.174565
34.400000000 -7.433385 -21.969058 5.610364 0.054051 -0.367783 0.911156 -0.177790
34.900000000 -7.025063 -22.555356 6.110243 0.063794 -0.361414 0.916130 -0.161296
35.100000000 -6.890113 -22.795763 6.324117 0.049715 -0.342926 0.925962 -0.150083
35.200000000 -6.807012 -22.823854 6.214773 0.052707 -0.351246 0.919576 -0.168012
35.400000000 -6.672447 -23.043796 6.335425 0.055065 -0.372598 0.914256 -0.149249
35.800000000 -6.360959 -23.619604 7.035103 0.051894 -0.381871 0.911533 -0.143486
35.900000000 -6.244843 -23.708680 7.100254 0.050948 -0.346620 0.923160 -0.158223
36.300000000 -5.803723 -24.471237 8.414810 0.061257 -0.354240 0.920922 -0.150549
36.500000000 -5.617755 -24.673138 8.622901 0.062026 -0.355212 0.919586 -0.156006
36.800000000 -5.392028 -24.846988 8.566870 0.059382 -0.350101 0.918723 -0.172775
37.000000000 -5.392738 -24.952370 8.392029 0.063805 -0.351028 0.921419 -0.153932
37.100000000 -5.321910 -25.029165 8.479850 0.063791 -0.388048 0.906570 -0.153234
37.200000000 -5.302513 -25.116411 8.553493 0.068378 -0.350276 0.922188 -0.148999
37.700000000 -5.040026 -25.397063 8.557341 0.062198 -0.310364 0.934992 -0.159987
37.800000000 -4.950525 -25.527048 8.814493 0.070605 -0.341730 0.924397 -0.154034
38.300000000 -4.943406 -25.086820 8.838615 0.058378 -0.151094 0.970680 -0.177605
38.400000000 -4.857643 -25.111870 8.991053 0.063929 -0.201967 0.961466 -0.175231
38.500000000 -4.796491 -25.117853 9.380360 0.063660 -0.209477 0.960690 -0.170710
38.900000000 -4.676238 -24.787955 11.050203 0.065047 -0.171585 0.970294 -0.157661
39.000000000 -4.565752 -24.901020 11.214764 0.065227 -0.179739 0.967945 -0.162858
39.100000000 -4.509069 -24.952962 11.455523 0.061239 -0.161190 0.971384 -0.163344
39.800000000 -4.707415 -23.669431 11.522067 0.055221 -0.020981 0.981567 -0.181760
39.900000000 -4.750289 -23.715671 11.409805 0.052597 -0.008257 0.982620 -0.177828
40.000000000 -4.754304 -23.788826 11.322224 0.050094 -0.008121 0.983099 -0.175902
40.100000000 -4.752971 -23.874042 11.162627 0.051883 -0.014206 0.983134 -0.174797
40.400000000 -4.762393 -24.220735 10.429671 0.052766 -0.004683 0.981864 -0.182037
41.000000000 -4.808620 -24.864156 8.904664 0.046296 -0.033269 0.980183 -0.189713
41.100000000 -4.855951 -25.069413 8.302974 0.047197 -0.071700 0.979030 -0.184749
41.300000000 -4.883558 -25.207764 8.080162 0.045666 -0.055723 0.980528 -0.182688
41.700000000 -4.843741 -24.886753 9.334598 0.050488 -0.044949 0.980517 -0.184435
42.000000000 -4.786806 -24.472101 10.771311 0.054861 -0.058975 0.979261 -0.185903
42.100000000 -4.810593 -24.520404 10.674454 0.050225 -0.023194 0.980961 -0.186157
42.300000000 -4.837115 -24.605098 10.724585 0.045517 0.004569 0.982376 -0.181232
42.400000000 -4.890551 -24.749331 10.254666 0.048298 -0.015185 0.982245 -0.180641
42.800000000 -4.717291 -25.644289 11.101517 0.059689 -0.282956 0.945327 -0.150765
43.100000000 -4.543373 -26.237144 11.013059 0.050781 -0.155472 0.969746 -0.181224
43.500000000 -4.919739 -25.346493 10.579842 0.050179 -0.051287 0.981152 -0.179421
43.900000000 -5.030534 -24.368116 12.338522 0.043368 -0.047749 0.980689 -0.184632
44.400000000 -4.930655 -23.353811 15.736659 0.043862 -0.088624 0.977671 -0.185423
44.900000000 -5.031573 -22.329287 18.423222 0.041326 0.041133 0.980898 -0.185580
45.200000000 -4.985870 -21.939975 19.891626 0.041143 -0.022932 0.981594 -0.185082
46.100000000 -5.120278 -21.120736 22.737142 0.044357 -0.147718 0.970865 -0.183395
46.300000000 -5.172293 -21.222029 22.319732 0.048585 -0.164234 0.969319 -0.176317
46.400000000 -5.204490 -21.271201 22.075991 0.048907 -0.144745 0.972573 -0.175379
46.500000000 -5.196967 -21.351195 21.737240 0.054431 -0.175310 0.966491 -0.179441
46.600000000 -5.235911 -21.446715 21.364998 0.049884 -0.155143 0.970080 -0.179966
46.700000000 -5.251878 -21.485786 21.125454 0.052461 -0.142579 0.972416 -0.176991
47.100000000 -5.225687 -21.684749 20.960563 0.046191 -0.103364 0.974644 -0.193008
47.300000000 -5.260128 -21.805038 20.564011 0.051292 -0.148718 0.968928 -0.190866
47.500000000 -5.414305 -21.944159 19.926939 0.055065 -0.147215 0.972420 -0.172323
